1370
1       1       3       4       6       -20.71645
2       1       3       6       8       -2.56475
3       1       3       8       10      -0.79390
4       1       3       10      12      -0.42382
5       1       3       12      14      -0.20642
6       1       3       14      16      -0.13212
7       1       3       16      18      -0.09034
8       1       3       18      20      -0.07413
9       1       3       20      22      -0.05395
10      1       3       22      24      -0.04378
11      1       3       5       7       -5.98246
12      1       3       7       9       -1.34891
13      1       3       9       11      -0.53414
14      1       3       11      13      -0.29333
15      1       3       13      15      -0.15713
16      1       3       15      17      -0.10722
17      1       3       17      19      -0.08428
18      1       3       19      21      -0.05922
19      1       3       21      23      -0.05069
20      1       3       23      25      -0.03716
21      2       4       5       7       -18.81428
22      2       4       7       9       -2.64303
23      2       4       9       11      -0.85172
24      2       4       11      13      -0.41780
25      2       4       13      15      -0.20850
26      2       4       15      17      -0.13877
27      2       4       17      19      -0.10551
28      2       4       19      21      -0.07253
29      2       4       21      23      -0.06124
30      2       4       23      25      -0.04436
31      2       4       6       8       -5.96470
32      2       4       8       10      -1.39127
33      2       4       10      12      -0.63404
34      2       4       12      14      -0.28412
35      2       4       14      16      -0.17257
36      2       4       16      18      -0.11456
37      2       4       18      20      -0.09154
38      2       4       20      22      -0.06581
39      2       4       22      24      -0.05267
40      2       4       24      26      -0.03878
41      3       5       6       8       -20.92060
42      3       5       8       10      -2.84946
43      3       5       10      12      -1.02885
44      3       5       12      14      -0.41164
45      3       5       14      16      -0.23366
46      3       5       16      18      -0.14943
47      3       5       18      20      -0.11626
48      3       5       20      22      -0.08151
49      3       5       22      24      -0.06476
50      3       5       24      26      -0.04716
51      3       5       7       9       -6.47163
52      3       5       9       11      -1.51157
53      3       5       11      13      -0.63322
54      3       5       13      15      -0.28844
55      3       5       15      17      -0.18532
56      3       5       17      19      -0.13556
57      3       5       19      21      -0.09098
58      3       5       21      23      -0.07539
59      3       5       23      25      -0.05397
60      3       5       25      27      -0.04047
61      4       6       7       9       -20.78644
62      4       6       9       11      -2.84766
63      4       6       11      13      -0.97527
64      4       6       13      15      -0.39865
65      4       6       15      17      -0.23949
66      4       6       17      19      -0.17013
67      4       6       19      21      -0.11158
68      4       6       21      23      -0.09108
69      4       6       23      25      -0.06451
70      4       6       25      27      -0.04767
71      4       6       8       10      -6.57253
72      4       6       10      12      -1.74147
73      4       6       12      14      -0.59333
74      4       6       14      16      -0.31134
75      4       6       16      18      -0.19021
76      4       6       18      20      -0.14407
77      4       6       20      22      -0.09929
78      4       6       22      24      -0.07747
79      4       6       24      26      -0.05592
80      4       6       26      28      -0.04233
81      5       7       8       10      -21.55805
82      5       7       10      12      -3.22889
83      5       7       12      14      -0.86710
84      5       7       14      16      -0.40561
85      5       7       16      18      -0.23279
86      5       7       18      20      -0.17020
87      5       7       20      22      -0.11489
88      5       7       22      24      -0.08811
89      5       7       24      26      -0.06301
90      5       7       26      28      -0.04708
91      5       7       9       11      -6.28721
92      5       7       11      13      -1.56959
93      5       7       13      15      -0.54602
94      5       7       15      17      -0.29947
95      5       7       17      19      -0.20421
96      5       7       19      21      -0.13043
97      5       7       21      23      -0.10459
98      5       7       23      25      -0.07317
99      5       7       25      27      -0.05345
100     5       7       27      29      -0.04403
101     6       8       9       11      -20.30883
102     6       8       11      13      -2.85670
103     6       8       13      15      -0.77441
104     6       8       15      17      -0.37887
105     6       8       17      19      -0.23831
106     6       8       19      21      -0.14541
107     6       8       21      23      -0.11350
108     6       8       23      25      -0.07806
109     6       8       25      27      -0.05656
110     6       8       27      29      -0.04591
111     6       8       10      12      -7.29284
112     6       8       12      14      -1.38050
113     6       8       14      16      -0.53838
114     6       8       16      18      -0.28091
115     6       8       18      20      -0.19425
116     6       8       20      22      -0.12608
117     6       8       22      24      -0.09501
118     6       8       24      26      -0.06686
119     6       8       26      28      -0.04978
120     6       8       28      30      -0.04026
121     7       9       10      12      -26.24053
122     7       9       12      14      -2.73042
123     7       9       14      16      -0.83197
124     7       9       16      18      -0.37659
125     7       9       18      20      -0.23945
126     7       9       20      22      -0.14719
127     7       9       22      24      -0.10740
128     7       9       24      26      -0.07402
129     7       9       26      28      -0.05431
130     7       9       28      30      -0.04381
131     7       9       11      13      -6.90957
132     7       9       13      15      -1.32321
133     7       9       15      17      -0.53942
134     7       9       17      19      -0.30442
135     7       9       19      21      -0.17373
136     7       9       21      23      -0.13029
137     7       9       23      25      -0.08735
138     7       9       25      27      -0.06209
139     7       9       27      29      -0.05010
140     7       9       29      31      -0.03773
141     8       10      11      13      -20.71739
142     8       10      13      15      -2.40744
143     8       10      15      17      -0.78255
144     8       10      17      19      -0.39506
145     8       10      19      21      -0.20859
146     8       10      21      23      -0.14895
147     8       10      23      25      -0.09702
148     8       10      25      27      -0.06657
149     8       10      27      29      -0.05429
150     8       10      29      31      -0.03994
151     8       10      12      14      -5.82072
152     8       10      14      16      -1.34357
153     8       10      16      18      -0.51521
154     8       10      18      20      -0.29713
155     8       10      20      22      -0.17206
156     8       10      22      24      -0.11983
157     8       10      24      26      -0.08025
158     8       10      26      28      -0.05800
159     8       10      28      30      -0.04740
160     8       10      30      32      -0.03435
161     9       11      12      14      -19.58675
162     9       11      14      16      -2.76653
163     9       11      16      18      -0.85360
164     9       11      18      20      -0.42815
165     9       11      20      22      -0.22272
166     9       11      22      24      -0.14676
167     9       11      24      26      -0.09443
168     9       11      26      28      -0.06652
169     9       11      28      30      -0.05304
170     9       11      30      32      -0.03830
171     9       11      13      15      -5.83943
172     9       11      15      17      -1.43668
173     9       11      17      19      -0.60438
174     9       11      19      21      -0.28294
175     9       11      21      23      -0.18680
176     9       11      23      25      -0.11573
177     9       11      25      27      -0.07738
178     9       11      27      29      -0.06124
179     9       11      29      31      -0.04472
180     9       11      31      33      -0.03592
181     10      12      13      15      -20.33846
182     10      12      15      17      -3.06953
183     10      12      17      19      -1.02386
184     10      12      19      21      -0.41418
185     10      12      21      23      -0.24736
186     10      12      23      25      -0.14324
187     10      12      25      27      -0.09345
188     10      12      27      29      -0.07028
189     10      12      29      31      -0.05089
190     10      12      31      33      -0.04038
191     10      12      14      16      -6.97547
192     10      12      16      18      -1.59727
193     10      12      18      20      -0.67671
194     10      12      20      22      -0.30676
195     10      12      22      24      -0.18917
196     10      12      24      26      -0.11571
197     10      12      26      28      -0.07880
198     10      12      28      30      -0.05970
199     10      12      30      32      -0.04338
200     10      12      32      34      -0.03569
201     11      13      14      16      -23.72179
202     11      13      16      18      -3.12760
203     11      13      18      20      -1.07572
204     11      13      20      22      -0.41930
205     11      13      22      24      -0.23467
206     11      13      24      26      -0.13368
207     11      13      26      28      -0.08715
208     11      13      28      30      -0.06424
209     11      13      30      32      -0.04570
210     11      13      32      34      -0.03712
211     11      13      15      17      -7.12808
212     11      13      17      19      -1.77542
213     11      13      19      21      -0.60638
214     11      13      21      23      -0.32103
215     11      13      23      25      -0.17116
216     11      13      25      27      -0.10531
217     11      13      27      29      -0.07638
218     11      13      29      31      -0.05427
219     11      13      31      33      -0.04229
220     11      13      33      35      -0.03262
221     12      14      15      17      -20.12942
222     12      14      17      19      -3.18112
223     12      14      19      21      -0.89704
224     12      14      21      23      -0.41694
225     12      14      23      25      -0.20275
226     12      14      25      27      -0.11646
227     12      14      27      29      -0.08115
228     12      14      29      31      -0.05594
229     12      14      31      33      -0.04276
230     12      14      33      35      -0.03246
231     12      14      16      18      -6.58471
232     12      14      18      20      -1.74156
233     12      14      20      22      -0.57557
234     12      14      22      24      -0.28999
235     12      14      24      26      -0.15218
236     12      14      26      28      -0.09389
237     12      14      28      30      -0.06740
238     12      14      30      32      -0.04660
239     12      14      32      34      -0.03718
240     12      14      34      36      -0.03053
241     13      15      16      18      -20.58951
242     13      15      18      20      -3.25774
243     13      15      20      22      -0.87516
244     13      15      22      24      -0.39293
245     13      15      24      26      -0.18764
246     13      15      26      28      -0.10819
247     13      15      28      30      -0.07310
248     13      15      30      32      -0.04964
249     13      15      32      34      -0.03879
250     13      15      34      36      -0.03131
251     13      15      17      19      -6.89933
252     13      15      19      21      -1.49186
253     13      15      21      23      -0.59409
254     13      15      23      25      -0.25975
255     13      15      25      27      -0.13872
256     13      15      27      29      -0.09026
257     13      15      29      31      -0.06046
258     13      15      31      33      -0.04479
259     13      15      33      35      -0.03344
260     13      15      35      37      -0.02769
261     14      16      17      19      -21.97204
262     14      16      19      21      -2.92616
263     14      16      21      23      -0.97468
264     14      16      23      25      -0.38264
265     14      16      25      27      -0.18612
266     14      16      27      29      -0.11629
267     14      16      29      31      -0.07402
268     14      16      31      33      -0.05355
269     14      16      33      35      -0.03904
270     14      16      35      37      -0.03160
271     14      16      18      20      -7.52825
272     14      16      20      22      -1.53473
273     14      16      22      24      -0.60417
274     14      16      24      26      -0.26166
275     14      16      26      28      -0.14064
276     14      16      28      30      -0.09270
277     14      16      30      32      -0.05988
278     14      16      32      34      -0.04551
279     14      16      34      36      -0.03615
280     14      16      36      38      -0.02699
281     15      17      18      20      -22.44845
282     15      17      20      22      -2.78061
283     15      17      22      24      -0.93341
284     15      17      24      26      -0.36329
285     15      17      26      28      -0.18074
286     15      17      28      30      -0.11449
287     15      17      30      32      -0.07083
288     15      17      32      34      -0.05163
289     15      17      34      36      -0.04039
290     15      17      36      38      -0.02983
291     15      17      19      21      -6.25909
292     15      17      21      23      -1.61476
293     15      17      23      25      -0.56100
294     15      17      25      27      -0.24784
295     15      17      27      29      -0.14679
296     15      17      29      31      -0.08838
297     15      17      31      33      -0.06231
298     15      17      33      35      -0.04407
299     15      17      35      37      -0.03498
300     15      17      37      39      -0.02615
301     16      18      19      21      -17.94772
302     16      18      21      23      -2.84768
303     16      18      23      25      -0.84802
304     16      18      25      27      -0.34162
305     16      18      27      29      -0.18543
306     16      18      29      31      -0.10661
307     16      18      31      33      -0.07203
308     16      18      33      35      -0.04973
309     16      18      35      37      -0.03848
310     16      18      37      39      -0.02837
311     16      18      20      22      -5.67081
312     16      18      22      24      -1.51527
313     16      18      24      26      -0.52282
314     16      18      26      28      -0.23864
315     16      18      28      30      -0.14006
316     16      18      30      32      -0.08318
317     16      18      32      34      -0.05938
318     16      18      34      36      -0.04497
319     16      18      36      38      -0.03257
320     16      18      38      40      -0.02538
321     17      19      20      22      -19.77382
322     17      19      22      24      -3.07700
323     17      19      24      26      -0.89131
324     17      19      26      28      -0.36698
325     17      19      28      30      -0.20169
326     17      19      30      32      -0.11334
327     17      19      32      34      -0.07782
328     17      19      34      36      -0.05728
329     17      19      36      38      -0.04057
330     17      19      38      40      -0.03122
331     17      19      21      23      -6.93421
332     17      19      23      25      -1.56825
333     17      19      25      27      -0.55086
334     17      19      27      29      -0.27573
335     17      19      29      31      -0.14874
336     17      19      31      33      -0.09634
337     17      19      33      35      -0.06396
338     17      19      35      37      -0.04853
339     17      19      37      39      -0.03513
340     17      19      39      41      -0.02685
341     18      20      21      23      -20.70672
342     18      20      23      25      -2.88236
343     18      20      25      27      -0.86145
344     18      20      27      29      -0.38686
345     18      20      29      31      -0.19528
346     18      20      31      33      -0.11997
347     18      20      33      35      -0.07652
348     18      20      35      37      -0.05674
349     18      20      37      39      -0.04010
350     18      20      39      41      -0.03023
351     18      20      22      24      -6.70271
352     18      20      24      26      -1.48910
353     18      20      26      28      -0.54127
354     18      20      28      30      -0.27180
355     18      20      30      32      -0.14462
356     18      20      32      34      -0.09510
357     18      20      34      36      -0.06768
358     18      20      36      38      -0.04678
359     18      20      38      40      -0.03538
360     18      20      40      42      -0.02619
361     19      21      22      24      -21.50027
362     19      21      24      26      -2.75027
363     19      21      26      28      -0.82883
364     19      21      28      30      -0.37114
365     19      21      30      32      -0.18294
366     19      21      32      34      -0.11355
367     19      21      34      36      -0.07723
368     19      21      36      38      -0.05173
369     19      21      38      40      -0.03822
370     19      21      40      42      -0.02781
371     19      21      23      25      -6.41580
372     19      21      25      27      -1.43311
373     19      21      27      29      -0.55725
374     19      21      29      31      -0.25656
375     19      21      31      33      -0.14718
376     19      21      33      35      -0.08912
377     19      21      35      37      -0.06352
378     19      21      37      39      -0.04371
379     19      21      39      41      -0.03236
380     19      21      41      43      -0.02311
381     20      22      23      25      -18.99596
382     20      22      25      27      -2.79607
383     20      22      27      29      -0.91469
384     20      22      29      31      -0.38236
385     20      22      31      33      -0.20339
386     20      22      33      35      -0.11623
387     20      22      35      37      -0.07969
388     20      22      37      39      -0.05333
389     20      22      39      41      -0.03817
390     20      22      41      43      -0.02706
391     20      22      24      26      -6.16904
392     20      22      26      28      -1.46747
393     20      22      28      30      -0.57515
394     20      22      30      32      -0.26194
395     20      22      32      34      -0.15288
396     20      22      34      36      -0.09867
397     20      22      36      38      -0.06389
398     20      22      38      40      -0.04574
399     20      22      40      42      -0.03281
400     20      22      42      44      -0.02551
401     21      23      24      26      -19.72587
402     21      23      26      28      -2.90609
403     21      23      28      30      -0.96697
404     21      23      30      32      -0.39658
405     21      23      32      34      -0.21510
406     21      23      34      36      -0.13104
407     21      23      36      38      -0.08121
408     21      23      38      40      -0.05688
409     21      23      40      42      -0.03972
410     21      23      42      44      -0.03044
411     21      23      25      27      -6.47409
412     21      23      27      29      -1.65133
413     21      23      29      31      -0.60599
414     21      23      31      33      -0.29646
415     21      23      33      35      -0.15825
416     21      23      35      37      -0.10330
417     21      23      37      39      -0.06666
418     21      23      39      41      -0.04712
419     21      23      41      43      -0.03255
420     21      23      43      45      -0.02782
421     22      24      25      27      -19.65774
422     22      24      27      29      -3.09965
423     22      24      29      31      -0.96583
424     22      24      31      33      -0.42458
425     22      24      33      35      -0.20895
426     22      24      35      37      -0.12867
427     22      24      37      39      -0.07930
428     22      24      39      41      -0.05439
429     22      24      41      43      -0.03668
430     22      24      43      45      -0.03081
431     22      24      26      28      -6.38707
432     22      24      28      30      -1.63951
433     22      24      30      32      -0.59609
434     22      24      32      34      -0.29658
435     22      24      34      36      -0.16791
436     22      24      36      38      -0.09889
437     22      24      38      40      -0.06669
438     22      24      40      42      -0.04525
439     22      24      42      44      -0.03401
440     22      24      44      46      -0.02377
441     23      25      26      28      -18.46210
442     23      25      28      30      -2.97549
443     23      25      30      32      -0.92042
444     23      25      32      34      -0.41333
445     23      25      34      36      -0.21473
446     23      25      36      38      -0.11865
447     23      25      38      40      -0.07638
448     23      25      40      42      -0.05016
449     23      25      42      44      -0.03646
450     23      25      44      46      -0.02521
451     23      25      27      29      -6.55672
452     23      25      29      31      -1.60282
453     23      25      31      33      -0.61864
454     23      25      33      35      -0.27684
455     23      25      35      37      -0.15921
456     23      25      37      39      -0.09269
457     23      25      39      41      -0.06102
458     23      25      41      43      -0.03995
459     23      25      43      45      -0.03292
460     23      25      45      47      -0.02227
461     24      26      27      29      -19.82819
462     24      26      29      31      -3.03256
463     24      26      31      33      -0.99383
464     24      26      33      35      -0.39983
465     24      26      35      37      -0.21293
466     24      26      37      39      -0.11720
467     24      26      39      41      -0.07419
468     24      26      41      43      -0.04673
469     24      26      43      45      -0.03749
470     24      26      45      47      -0.02464
471     24      26      28      30      -6.52009
472     24      26      30      32      -1.57961
473     24      26      32      34      -0.62856
474     24      26      34      36      -0.29814
475     24      26      36      38      -0.15397
476     24      26      38      40      -0.09459
477     24      26      40      42      -0.05950
478     24      26      42      44      -0.04218
479     24      26      44      46      -0.02836
480     24      26      46      48      -0.02826
481     25      27      28      30      -16.71008
482     25      27      30      32      -2.71945
483     25      27      32      34      -0.93890
484     25      27      34      36      -0.40414
485     25      27      36      38      -0.19483
486     25      27      38      40      -0.11394
487     25      27      40      42      -0.06872
488     25      27      42      44      -0.04738
489     25      27      44      46      -0.03072
490     25      27      46      48      -0.03026
491     25      27      29      31      -5.98071
492     25      27      31      33      -1.57751
493     25      27      33      35      -0.56451
494     25      27      35      37      -0.27809
495     25      27      37      39      -0.14434
496     25      27      39      41      -0.08752
497     25      27      41      43      -0.05315
498     25      27      43      45      -0.04144
499     25      27      45      47      -0.02658
500     26      28      29      31      -18.38050
501     26      28      31      33      -3.02628
502     26      28      33      35      -0.90815
503     26      28      35      37      -0.40436
504     26      28      37      39      -0.19451
505     26      28      39      41      -0.11168
506     26      28      41      43      -0.06491
507     26      28      43      45      -0.04866
508     26      28      45      47      -0.03033
509     26      28      30      32      -6.07928
510     26      28      32      34      -1.64138
511     26      28      34      36      -0.61646
512     26      28      36      38      -0.27205
513     26      28      38      40      -0.14931
514     26      28      40      42      -0.08566
515     26      28      42      44      -0.05649
516     26      28      44      46      -0.03565
517     26      28      46      48      -0.03410
518     27      29      30      32      -19.22931
519     27      29      32      34      -3.19887
520     27      29      34      36      -0.99503
521     27      29      36      38      -0.39632
522     27      29      38      40      -0.20085
523     27      29      40      42      -0.11003
524     27      29      42      44      -0.06918
525     27      29      44      46      -0.04238
526     27      29      46      48      -0.03951
527     27      29      31      33      -6.77306
528     27      29      33      35      -1.56362
529     27      29      35      37      -0.61777
530     27      29      37      39      -0.27026
531     27      29      39      41      -0.14569
532     27      29      41      43      -0.08125
533     27      29      43      45      -0.05852
534     27      29      45      47      -0.03609
535     28      30      31      33      -20.20869
536     28      30      33      35      -2.87924
537     28      30      35      37      -0.96368
538     28      30      37      39      -0.38152
539     28      30      39      41      -0.19291
540     28      30      41      43      -0.10210
541     28      30      43      45      -0.07035
542     28      30      45      47      -0.04186
543     28      30      47      32      9.93554
544     28      30      32      34      -7.11160
545     28      30      34      36      -1.66575
546     28      30      36      38      -0.58468
547     28      30      38      40      -0.27389
548     28      30      40      42      -0.14151
549     28      30      42      44      -0.08492
550     28      30      44      46      -0.04983
551     28      30      46      48      -0.04491
552     29      31      32      34      -21.18390
553     29      31      34      36      -2.94310
554     29      31      36      38      -0.87825
555     29      31      38      40      -0.38022
556     29      31      40      42      -0.18412
557     29      31      42      44      -0.10563
558     29      31      44      46      -0.05923
559     29      31      46      48      -0.05103
560     29      31      48      33      8.52200
561     29      31      33      35      -5.87701
562     29      31      35      37      -1.54431
563     29      31      37      39      -0.54724
564     29      31      39      41      -0.25991
565     29      31      41      43      -0.12973
566     29      31      43      45      -0.08590
567     29      31      45      47      -0.04809
568     30      32      33      35      -18.13943
569     30      32      35      37      -2.81703
570     30      32      37      39      -0.82409
571     30      32      39      41      -0.35735
572     30      32      41      43      -0.16770
573     30      32      43      45      -0.10541
574     30      32      45      47      -0.05668
575     30      32      47      34      8.89823
576     30      32      34      36      -6.43974
577     30      32      36      38      -1.43392
578     30      32      38      40      -0.54512
579     30      32      40      42      -0.24549
580     30      32      42      44      -0.13284
581     30      32      44      46      -0.07101
582     30      32      46      48      -0.05886
583     31      33      34      36      -20.72903
584     31      33      36      38      -2.83370
585     31      33      38      40      -0.90998
586     31      33      40      42      -0.37452
587     31      33      42      44      -0.19044
588     31      33      44      46      -0.09662
589     31      33      46      48      -0.07640
590     31      33      48      35      9.12940
591     31      33      35      37      -6.58378
592     31      33      37      39      -1.46422
593     31      33      39      41      -0.56825
594     31      33      41      43      -0.24761
595     31      33      43      45      -0.14741
596     31      33      45      47      -0.07558
597     32      34      35      37      -19.45384
598     32      34      37      39      -2.62951
599     32      34      39      41      -0.88013
600     32      34      41      43      -0.35179
601     32      34      43      45      -0.19797
602     32      34      45      47      -0.09605
603     32      34      47      36      8.53661
604     32      34      36      38      -6.05114
605     32      34      38      40      -1.49915
606     32      34      40      42      -0.55231
607     32      34      42      44      -0.26256
608     32      34      44      46      -0.12601
609     32      34      46      48      -0.09519
610     33      35      36      38      -20.40330
611     33      35      38      40      -2.83141
612     33      35      40      42      -0.88206
613     33      35      42      44      -0.38153
614     33      35      44      46      -0.17195
615     33      35      46      48      -0.12294
616     33      35      48      37      8.35575
617     33      35      37      39      -5.84722
618     33      35      39      41      -1.50354
619     33      35      41      43      -0.53261
620     33      35      43      45      -0.27850
621     33      35      45      47      -0.12818
622     34      36      37      39      -18.27551
623     34      36      39      41      -2.89470
624     34      36      41      43      -0.86140
625     34      36      43      45      -0.41391
626     34      36      45      47      -0.17759
627     34      36      47      38      8.83964
628     34      36      38      40      -6.39516
629     34      36      40      42      -1.52795
630     34      36      42      44      -0.58783
631     34      36      44      46      -0.24603
632     34      36      46      48      -0.16607
633     35      37      38      40      -21.58385
634     35      37      40      42      -3.00145
635     35      37      42      44      -0.95678
636     35      37      44      46      -0.36094
637     35      37      46      48      -0.22602
638     35      37      48      39      9.38611
639     35      37      39      41      -6.87151
640     35      37      41      43      -1.50716
641     35      37      43      45      -0.63858
642     35      37      45      47      -0.24998
643     36      38      39      41      -22.24236
644     36      38      41      43      -2.81859
645     36      38      43      45      -1.00397
646     36      38      45      47      -0.35428
647     36      38      47      40      9.04206
648     36      38      40      42      -6.74278
649     36      38      42      44      -1.61187
650     36      38      44      46      -0.53312
651     36      38      46      48      -0.30694
652     37      39      40      42      -23.12603
653     37      39      42      44      -3.20311
654     37      39      44      46      -0.87330
655     37      39      46      48      -0.45018
656     37      39      48      41      9.18408
657     37      39      41      43      -6.62260
658     37      39      43      45      -1.79678
659     37      39      45      47      -0.54681
660     38      40      41      43      -19.18957
661     38      40      43      45      -3.39692
662     38      40      45      47      -0.86113
663     38      40      47      42      8.82974
664     38      40      42      44      -7.00093
665     38      40      44      46      -1.47440
666     38      40      46      48      -0.66942
667     39      41      42      44      -21.60460
668     39      41      44      46      -2.76464
669     39      41      46      48      -1.04465
670     39      41      48      43      9.65994
671     39      41      43      45      -7.73411
672     39      41      45      47      -1.45496
673     40      42      43      45      -27.99370
674     40      42      45      47      -2.84484
675     40      42      47      44      7.57473
676     40      42      44      46      -6.53030
677     40      42      46      48      -1.82280
678     41      43      44      46      -17.81436
679     41      43      46      48      -3.12774
680     41      43      48      45      6.93335
681     41      43      45      47      -5.69306
682     42      44      45      47      -20.47818
683     42      44      47      46      5.13460
684     42      44      46      48      -7.79047
685     43      45      46      48      -24.58923
686     48      46      45      43      -24.70635
687     48      46      43      41      -3.11562
688     48      46      41      39      -1.04753
689     48      46      39      37      -0.45032
690     48      46      37      35      -0.22644
691     48      46      35      33      -0.12307
692     48      46      33      31      -0.07656
693     48      46      31      29      -0.05120
694     48      46      29      27      -0.03950
695     48      46      27      25      -0.03019
696     48      46      44      42      -7.81599
697     48      46      42      40      -1.82415
698     48      46      40      38      -0.67135
699     48      46      38      36      -0.30744
700     48      46      36      34      -0.16667
701     48      46      34      32      -0.09491
702     48      46      32      30      -0.05908
703     48      46      30      28      -0.04494
704     48      46      28      26      -0.03408
705     48      46      26      24      -0.02830
706     47      45      44      42      -20.93228
707     47      45      42      40      -2.87020
708     47      45      40      38      -0.86940
709     47      45      38      36      -0.35697
710     47      45      36      34      -0.17922
711     47      45      34      32      -0.09637
712     47      45      32      30      -0.05730
713     47      45      30      28      -0.04215
714     47      45      28      26      -0.03052
715     47      45      26      24      -0.02480
716     47      45      43      41      -5.73445
717     47      45      41      39      -1.47044
718     47      45      39      37      -0.55067
719     47      45      37      35      -0.25215
720     47      45      35      33      -0.12890
721     47      45      33      31      -0.07610
722     47      45      31      29      -0.04844
723     47      45      29      27      -0.03628
724     47      45      27      25      -0.02668
725     47      45      25      23      -0.02245
726     46      44      43      41      -17.98806
727     46      44      41      39      -2.77703
728     46      44      39      37      -0.87453
729     46      44      37      35      -0.36193
730     46      44      35      33      -0.17213
731     46      44      33      31      -0.09680
732     46      44      31      29      -0.05931
733     46      44      29      27      -0.04227
734     46      44      27      25      -0.03088
735     46      44      25      23      -0.02523
736     46      44      42      40      -6.54790
737     46      44      40      38      -1.48036
738     46      44      38      36      -0.53448
739     46      44      36      34      -0.24704
740     46      44      34      32      -0.12593
741     46      44      32      30      -0.07129
742     46      44      30      28      -0.04986
743     46      44      28      26      -0.03572
744     46      44      26      24      -0.02834
745     46      44      24      22      -0.02372
746     45      43      42      40      -27.63479
747     45      43      40      38      -3.37466
748     45      43      38      36      -0.99620
749     45      43      36      34      -0.41153
750     45      43      34      32      -0.19584
751     45      43      32      30      -0.10486
752     45      43      30      28      -0.06984
753     45      43      28      26      -0.04838
754     45      43      26      24      -0.03720
755     45      43      24      22      -0.03051
756     45      43      41      39      -7.65697
757     45      43      39      37      -1.78018
758     45      43      37      35      -0.63410
759     45      43      35      33      -0.27636
760     45      43      33      31      -0.14635
761     45      43      31      29      -0.08528
762     45      43      29      27      -0.05803
763     45      43      27      25      -0.04106
764     45      43      25      23      -0.03264
765     45      43      23      21      -0.02762
766     44      42      41      39      -21.61432
767     44      42      39      37      -3.19468
768     44      42      37      35      -0.95605
769     44      42      35      33      -0.38075
770     44      42      33      31      -0.19025
771     44      42      31      29      -0.10557
772     44      42      29      27      -0.06904
773     44      42      27      25      -0.04710
774     44      42      25      23      -0.03654
775     44      42      23      21      -0.03039
776     44      42      40      38      -7.01323
777     44      42      38      36      -1.61137
778     44      42      36      34      -0.58861
779     44      42      34      32      -0.26134
780     44      42      32      30      -0.13308
781     44      42      30      28      -0.08483
782     44      42      28      26      -0.05646
783     44      42      26      24      -0.04209
784     44      42      24      22      -0.03385
785     44      42      22      20      -0.02557
786     43      41      40      38      -19.26285
787     43      41      38      36      -2.82383
788     43      41      36      34      -0.86460
789     43      41      34      32      -0.35136
790     43      41      32      30      -0.16864
791     43      41      30      28      -0.10237
792     43      41      28      26      -0.06504
793     43      41      26      24      -0.04683
794     43      41      24      22      -0.03667
795     43      41      22      20      -0.02724
796     43      41      39      37      -6.60773
797     43      41      37      35      -1.51043
798     43      41      35      33      -0.53336
799     43      41      33      31      -0.24817
800     43      41      31      29      -0.13008
801     43      41      29      27      -0.08138
802     43      41      27      25      -0.05320
803     43      41      25      23      -0.04006
804     43      41      23      21      -0.03260
805     43      41      21      19      -0.02329
806     42      40      39      37      -22.93632
807     42      40      37      35      -2.99461
808     42      40      35      33      -0.87969
809     42      40      33      31      -0.37415
810     42      40      31      29      -0.18410
811     42      40      29      27      -0.10965
812     42      40      27      25      -0.06861
813     42      40      25      23      -0.05004
814     42      40      23      21      -0.03970
815     42      40      21      19      -0.02790
816     42      40      38      36      -6.70925
817     42      40      36      34      -1.52752
818     42      40      34      32      -0.54978
819     42      40      32      30      -0.24585
820     42      40      30      28      -0.14133
821     42      40      28      26      -0.08566
822     42      40      26      24      -0.05940
823     42      40      24      22      -0.04511
824     42      40      22      20      -0.03289
825     42      40      20      18      -0.02618
826     41      39      38      36      -22.28134
827     41      39      36      34      -2.89706
828     41      39      34      32      -0.87623
829     41      39      32      30      -0.35819
830     41      39      30      28      -0.19280
831     41      39      28      26      -0.11153
832     41      39      26      24      -0.07377
833     41      39      24      22      -0.05430
834     41      39      22      20      -0.03845
835     41      39      20      18      -0.03018
836     41      39      37      35      -6.86217
837     41      39      35      33      -1.50185
838     41      39      33      31      -0.56760
839     41      39      31      29      -0.25955
840     41      39      29      27      -0.14538
841     41      39      27      25      -0.08717
842     41      39      25      23      -0.06092
843     41      39      23      21      -0.04698
844     41      39      21      19      -0.03239
845     41      39      19      17      -0.02664
846     40      38      37      35      -21.60423
847     40      38      35      33      -2.82434
848     40      38      33      31      -0.90920
849     40      38      31      29      -0.37999
850     40      38      29      27      -0.20023
851     40      38      27      25      -0.11355
852     40      38      25      23      -0.07622
853     40      38      23      21      -0.05683
854     40      38      21      19      -0.03834
855     40      38      19      17      -0.03101
856     40      38      36      34      -6.39009
857     40      38      34      32      -1.49238
858     40      38      32      30      -0.54624
859     40      38      30      28      -0.27379
860     40      38      28      26      -0.14913
861     40      38      26      24      -0.09429
862     40      38      24      22      -0.06642
863     40      38      22      20      -0.04596
864     40      38      20      18      -0.03539
865     40      38      18      16      -0.02528
866     39      37      36      34      -18.33907
867     39      37      34      32      -2.62384
868     39      37      32      30      -0.82800
869     39      37      30      28      -0.38193
870     39      37      28      26      -0.19510
871     39      37      26      24      -0.11736
872     39      37      24      22      -0.07931
873     39      37      22      20      -0.05334
874     39      37      20      18      -0.04024
875     39      37      18      16      -0.02834
876     39      37      35      33      -5.84594
877     39      37      33      31      -1.46688
878     39      37      31      29      -0.54887
879     39      37      29      27      -0.27034
880     39      37      27      25      -0.14456
881     39      37      25      23      -0.09291
882     39      37      23      21      -0.06681
883     39      37      21      19      -0.04400
884     39      37      19      17      -0.03507
885     39      37      17      15      -0.02625
886     38      36      35      33      -20.40639
887     38      36      33      31      -2.83710
888     38      36      31      29      -0.88025
889     38      36      29      27      -0.39591
890     38      36      27      25      -0.19484
891     38      36      25      23      -0.11885
892     38      36      23      21      -0.08136
893     38      36      21      19      -0.05216
894     38      36      19      17      -0.04038
895     38      36      17      15      -0.02978
896     38      36      34      32      -6.02547
897     38      36      32      30      -1.43990
898     38      36      30      28      -0.58533
899     38      36      28      26      -0.27258
900     38      36      26      24      -0.15394
901     38      36      24      22      -0.09870
902     38      36      22      20      -0.06411
903     38      36      20      18      -0.04691
904     38      36      18      16      -0.03255
905     38      36      16      14      -0.02710
906     37      35      34      32      -19.44561
907     37      35      32      30      -2.82905
908     37      35      30      28      -0.96394
909     37      35      28      26      -0.40442
910     37      35      26      24      -0.21253
911     37      35      24      22      -0.12822
912     37      35      22      20      -0.07987
913     37      35      20      18      -0.05668
914     37      35      18      16      -0.03845
915     37      35      16      14      -0.03164
916     37      35      33      31      -6.58249
917     37      35      31      29      -1.54473
918     37      35      29      27      -0.61694
919     37      35      27      25      -0.27736
920     37      35      25      23      -0.15915
921     37      35      23      21      -0.10312
922     37      35      21      19      -0.06375
923     37      35      19      17      -0.04821
924     37      35      17      15      -0.03486
925     37      35      15      13      -0.02777
926     36      34      33      31      -20.71271
927     36      34      31      29      -2.93169
928     36      34      29      27      -0.98831
929     36      34      27      25      -0.40204
930     36      34      25      23      -0.21394
931     36      34      23      21      -0.13046
932     36      34      21      19      -0.07742
933     36      34      19      17      -0.05671
934     36      34      17      15      -0.04022
935     36      34      15      13      -0.03128
936     36      34      32      30      -6.42941
937     36      34      30      28      -1.65795
938     36      34      28      26      -0.61419
939     36      34      26      24      -0.29650
940     36      34      24      22      -0.16675
941     36      34      22      20      -0.09863
942     36      34      20      18      -0.06746
943     36      34      18      16      -0.04469
944     36      34      16      14      -0.03605
945     36      34      14      12      -0.03047
946     35      33      32      30      -18.23134
947     35      33      30      28      -2.88705
948     35      33      28      26      -0.91069
949     35      33      26      24      -0.40000
950     35      33      24      22      -0.20873
951     35      33      22      20      -0.11675
952     35      33      20      18      -0.07672
953     35      33      18      16      -0.04965
954     35      33      16      14      -0.03896
955     35      33      14      12      -0.03256
956     35      33      31      29      -5.89376
957     35      33      29      27      -1.56455
958     35      33      27      25      -0.56433
959     35      33      25      23      -0.27732
960     35      33      23      21      -0.15828
961     35      33      21      19      -0.08962
962     35      33      19      17      -0.06371
963     35      33      17      15      -0.04408
964     35      33      15      13      -0.03361
965     35      33      13      11      -0.03265
966     34      32      31      29      -21.17854
967     34      32      29      27      -3.21022
968     34      32      27      25      -0.94415
969     34      32      25      23      -0.41608
970     34      32      23      21      -0.21632
971     34      32      21      19      -0.11494
972     34      32      19      17      -0.07781
973     34      32      17      15      -0.05222
974     34      32      15      13      -0.03915
975     34      32      13      11      -0.03738
976     34      32      30      28      -7.13693
977     34      32      28      26      -1.65462
978     34      32      26      24      -0.63199
979     34      32      24      22      -0.29765
980     34      32      22      20      -0.15439
981     34      32      20      18      -0.09577
982     34      32      18      16      -0.05959
983     34      32      16      14      -0.04583
984     34      32      14      12      -0.03749
985     34      32      12      10      -0.03585
986     33      31      30      28      -20.15573
987     33      31      28      26      -3.02478
988     33      31      26      24      -0.99069
989     33      31      24      22      -0.42294
990     33      31      22      20      -0.20381
991     33      31      20      18      -0.11993
992     33      31      18      16      -0.07176
993     33      31      16      14      -0.05362
994     33      31      14      12      -0.04278
995     33      31      12      10      -0.04021
996     33      31      29      27      -6.74014
997     33      31      27      25      -1.57236
998     33      31      25      23      -0.61786
999     33      31      23      21      -0.29581
1000    33      31      21      19      -0.14773
1001    33      31      19      17      -0.09572
1002    33      31      17      15      -0.06219
1003    33      31      15      13      -0.04487
1004    33      31      13      11      -0.04226
1005    33      31      11      9       -0.03581
1006    32      30      29      27      -19.09476
1007    32      30      27      25      -2.71024
1008    32      30      25      23      -0.91853
1009    32      30      23      21      -0.39539
1010    32      30      21      19      -0.18359
1011    32      30      19      17      -0.11253
1012    32      30      17      15      -0.07049
1013    32      30      15      13      -0.04939
1014    32      30      13      11      -0.04565
1015    32      30      11      9       -0.03812
1016    32      30      28      26      -6.07863
1017    32      30      26      24      -1.57329
1018    32      30      24      22      -0.59364
1019    32      30      22      20      -0.26241
1020    32      30      20      18      -0.14439
1021    32      30      18      16      -0.08276
1022    32      30      16      14      -0.05979
1023    32      30      14      12      -0.04658
1024    32      30      12      10      -0.04315
1025    32      30      10      8       -0.03430
1026    31      29      28      26      -18.72451
1027    31      29      26      24      -3.04549
1028    31      29      24      22      -0.96897
1029    31      29      22      20      -0.38597
1030    31      29      20      18      -0.19641
1031    31      29      18      16      -0.10691
1032    31      29      16      14      -0.07434
1033    31      29      14      12      -0.05642
1034    31      29      12      10      -0.05123
1035    31      29      10      8       -0.04005
1036    31      29      27      25      -6.03055
1037    31      29      25      23      -1.61388
1038    31      29      23      21      -0.60886
1039    31      29      21      19      -0.25932
1040    31      29      19      17      -0.14879
1041    31      29      17      15      -0.08876
1042    31      29      15      13      -0.06096
1043    31      29      13      11      -0.05464
1044    31      29      11      9       -0.04478
1045    31      29      9       7       -0.03797
1046    30      28      27      25      -16.62461
1047    30      28      25      23      -2.96537
1048    30      28      23      21      -0.96441
1049    30      28      21      19      -0.37296
1050    30      28      19      17      -0.20055
1051    30      28      17      15      -0.11446
1052    30      28      15      13      -0.07329
1053    30      28      13      11      -0.06447
1054    30      28      11      9       -0.05279
1055    30      28      9       7       -0.04382
1056    30      28      26      24      -6.47510
1057    30      28      24      22      -1.63212
1058    30      28      22      20      -0.57656
1059    30      28      20      18      -0.27183
1060    30      28      18      16      -0.13959
1061    30      28      16      14      -0.09273
1062    30      28      14      12      -0.06750
1063    30      28      12      10      -0.05945
1064    30      28      10      8       -0.04735
1065    30      28      8       6       -0.04017
1066    29      27      26      24      -19.66316
1067    29      27      24      22      -3.07617
1068    29      27      22      20      -0.91403
1069    29      27      20      18      -0.38539
1070    29      27      18      16      -0.18422
1071    29      27      16      14      -0.11594
1072    29      27      14      12      -0.08098
1073    29      27      12      10      -0.06967
1074    29      27      10      8       -0.05377
1075    29      27      8       6       -0.04565
1076    29      27      25      23      -6.52445
1077    29      27      23      21      -1.64084
1078    29      27      21      19      -0.55756
1079    29      27      19      17      -0.27312
1080    29      27      17      15      -0.14613
1081    29      27      15      13      -0.09011
1082    29      27      13      11      -0.07612
1083    29      27      11      9       -0.06074
1084    29      27      9       7       -0.04995
1085    29      27      7       5       -0.04356
1086    28      26      25      23      -18.36734
1087    28      26      23      21      -2.89207
1088    28      26      21      19      -0.83310
1089    28      26      19      17      -0.36470
1090    28      26      17      15      -0.18062
1091    28      26      15      13      -0.10850
1092    28      26      13      11      -0.08710
1093    28      26      11      9       -0.06629
1094    28      26      9       7       -0.05449
1095    28      26      7       5       -0.04696
1096    28      26      24      22      -6.34230
1097    28      26      22      20      -1.47030
1098    28      26      20      18      -0.54064
1099    28      26      18      16      -0.23790
1100    28      26      16      14      -0.14074
1101    28      26      14      12      -0.09408
1102    28      26      12      10      -0.07860
1103    28      26      10      8       -0.05791
1104    28      26      8       6       -0.04970
1105    28      26      6       4       -0.04222
1106    27      25      24      22      -19.51267
1107    27      25      22      20      -2.79476
1108    27      25      20      18      -0.85908
1109    27      25      18      16      -0.34025
1110    27      25      16      14      -0.18605
1111    27      25      14      12      -0.11660
1112    27      25      12      10      -0.09312
1113    27      25      10      8       -0.06636
1114    27      25      8       6       -0.05655
1115    27      25      6       4       -0.04753
1116    27      25      23      21      -6.42477
1117    27      25      21      19      -1.43576
1118    27      25      19      17      -0.54655
1119    27      25      17      15      -0.24732
1120    27      25      15      13      -0.13910
1121    27      25      13      11      -0.10533
1122    27      25      11      9       -0.07709
1123    27      25      9       7       -0.06211
1124    27      25      7       5       -0.05304
1125    27      25      5       3       -0.04053
1126    26      24      23      21      -19.47449
1127    26      24      21      19      -2.75226
1128    26      24      19      17      -0.88181
1129    26      24      17      15      -0.36173
1130    26      24      15      13      -0.18769
1131    26      24      13      11      -0.13342
1132    26      24      11      9       -0.09390
1133    26      24      9       7       -0.07388
1134    26      24      7       5       -0.06233
1135    26      24      5       3       -0.04715
1136    26      24      22      20      -6.14026
1137    26      24      20      18      -1.48042
1138    26      24      18      16      -0.51922
1139    26      24      16      14      -0.26105
1140    26      24      14      12      -0.15215
1141    26      24      12      10      -0.11514
1142    26      24      10      8       -0.07993
1143    26      24      8       6       -0.06659
1144    26      24      6       4       -0.05561
1145    26      24      4       2       -0.03867
1146    25      23      22      20      -18.96846
1147    25      23      20      18      -2.87977
1148    25      23      18      16      -0.84571
1149    25      23      16      14      -0.38324
1150    25      23      14      12      -0.20351
1151    25      23      12      10      -0.14299
1152    25      23      10      8       -0.09688
1153    25      23      8       6       -0.07796
1154    25      23      6       4       -0.06422
1155    25      23      4       2       -0.04455
1156    25      23      21      19      -6.42246
1157    25      23      19      17      -1.55743
1158    25      23      17      15      -0.56076
1159    25      23      15      13      -0.26091
1160    25      23      13      11      -0.17154
1161    25      23      11      9       -0.11542
1162    25      23      9       7       -0.08750
1163    25      23      7       5       -0.07275
1164    25      23      5       3       -0.05411
1165    25      23      3       1       -0.03721
1166    24      22      21      19      -21.60043
1167    24      22      19      17      -3.05620
1168    24      22      17      15      -0.93372
1169    24      22      15      13      -0.39489
1170    24      22      13      11      -0.23538
1171    24      22      11      9       -0.14664
1172    24      22      9       7       -0.10773
1173    24      22      7       5       -0.08781
1174    24      22      5       3       -0.06498
1175    24      22      3       1       -0.04379
1176    24      22      20      18      -6.68345
1177    24      22      18      16      -1.51149
1178    24      22      16      14      -0.60562
1179    24      22      14      12      -0.29136
1180    24      22      12      10      -0.18915
1181    24      22      10      8       -0.11995
1182    24      22      8       6       -0.09513
1183    24      22      6       4       -0.07743
1184    24      22      4       2       -0.05284
1185    23      21      20      18      -20.47257
1186    23      21      18      16      -2.81413
1187    23      21      16      14      -0.96905
1188    23      21      14      12      -0.41603
1189    23      21      12      10      -0.24566
1190    23      21      10      8       -0.14808
1191    23      21      8       6       -0.11289
1192    23      21      6       4       -0.09038
1193    23      21      4       2       -0.06104
1194    23      21      19      17      -6.81960
1195    23      21      17      15      -1.60162
1196    23      21      15      13      -0.59302
1197    23      21      13      11      -0.31998
1198    23      21      11      9       -0.18544
1199    23      21      9       7       -0.12988
1200    23      21      7       5       -0.10351
1201    23      21      5       3       -0.07523
1202    23      21      3       1       -0.05046
1203    22      20      19      17      -19.43787
1204    22      20      17      15      -2.76758
1205    22      20      15      13      -0.87530
1206    22      20      13      11      -0.41893
1207    22      20      11      9       -0.22171
1208    22      20      9       7       -0.14711
1209    22      20      7       5       -0.11406
1210    22      20      5       3       -0.08158
1211    22      20      3       1       -0.05389
1212    22      20      18      16      -5.60942
1213    22      20      16      14      -1.52913
1214    22      20      14      12      -0.57555
1215    22      20      12      10      -0.30547
1216    22      20      10      8       -0.17148
1217    22      20      8       6       -0.12568
1218    22      20      6       4       -0.09875
1219    22      20      4       2       -0.06578
1220    21      19      18      16      -17.85369
1221    21      19      16      14      -2.91051
1222    21      19      14      12      -0.89681
1223    21      19      12      10      -0.41290
1224    21      19      10      8       -0.20811
1225    21      19      8       6       -0.14529
1226    21      19      6       4       -0.11132
1227    21      19      4       2       -0.07266
1228    21      19      2       17      9.03373
1229    21      19      17      15      -6.22175
1230    21      19      15      13      -1.49135
1231    21      19      13      11      -0.60581
1232    21      19      11      9       -0.28178
1233    21      19      9       7       -0.17395
1234    21      19      7       5       -0.12966
1235    21      19      5       3       -0.09120
1236    21      19      3       1       -0.05930
1237    20      18      17      15      -22.36534
1238    20      18      15      13      -3.25165
1239    20      18      13      11      -1.07334
1240    20      18      11      9       -0.42629
1241    20      18      9       7       -0.23950
1242    20      18      7       5       -0.16916
1243    20      18      5       3       -0.11635
1244    20      18      3       1       -0.07376
1245    20      18      1       16      10.66818
1246    20      18      16      14      -7.49586
1247    20      18      14      12      -1.73777
1248    20      18      12      10      -0.67330
1249    20      18      10      8       -0.29632
1250    20      18      8       6       -0.19380
1251    20      18      6       4       -0.14356
1252    20      18      4       2       -0.09153
1253    19      17      16      14      -21.90943
1254    19      17      14      12      -3.18411
1255    19      17      12      10      -1.02124
1256    19      17      10      8       -0.39444
1257    19      17      8       6       -0.23828
1258    19      17      6       4       -0.16978
1259    19      17      4       2       -0.10562
1260    19      17      2       15      9.99766
1261    19      17      15      13      -6.92702
1262    19      17      13      11      -1.77476
1263    19      17      11      9       -0.60249
1264    19      17      9       7       -0.30512
1265    19      17      7       5       -0.20321
1266    19      17      5       3       -0.13602
1267    19      17      3       1       -0.08440
1268    18      16      15      13      -20.71115
1269    18      16      13      11      -3.13802
1270    18      16      11      9       -0.85250
1271    18      16      9       7       -0.37808
1272    18      16      7       5       -0.23209
1273    18      16      5       3       -0.15009
1274    18      16      3       1       -0.09038
1275    18      16      1       14      9.36535
1276    18      16      14      12      -6.62448
1277    18      16      12      10      -1.59737
1278    18      16      10      8       -0.51488
1279    18      16      8       6       -0.28144
1280    18      16      6       4       -0.19019
1281    18      16      4       2       -0.11486
1282    17      15      14      12      -20.31734
1283    17      15      12      10      -3.08418
1284    17      15      10      8       -0.78544
1285    17      15      8       6       -0.38121
1286    17      15      6       4       -0.24050
1287    17      15      4       2       -0.13947
1288    17      15      2       13      9.71484
1289    17      15      13      11      -7.18170
1290    17      15      11      9       -1.44049
1291    17      15      9       7       -0.54374
1292    17      15      7       5       -0.29950
1293    17      15      5       3       -0.18710
1294    17      15      3       1       -0.10778
1295    16      14      13      11      -23.49680
1296    16      14      11      9       -2.74656
1297    16      14      9       7       -0.83240
1298    16      14      7       5       -0.40331
1299    16      14      5       3       -0.23399
1300    16      14      3       1       -0.13186
1301    16      14      1       12      9.34921
1302    16      14      12      10      -6.93427
1303    16      14      10      8       -1.33569
1304    16      14      8       6       -0.53768
1305    16      14      6       4       -0.31025
1306    16      14      4       2       -0.17251
1307    15      13      12      10      -20.23636
1308    15      13      10      8       -2.38210
1309    15      13      8       6       -0.77135
1310    15      13      6       4       -0.39579
1311    15      13      4       2       -0.20783
1312    15      13      2       11      8.01416
1313    15      13      11      9       -5.77354
1314    15      13      9       7       -1.31973
1315    15      13      7       5       -0.54047
1316    15      13      5       3       -0.28785
1317    15      13      3       1       -0.15667
1318    14      12      11      9       -19.40821
1319    14      12      9       7       -2.72947
1320    14      12      7       5       -0.86293
1321    14      12      5       3       -0.41262
1322    14      12      3       1       -0.20624
1323    14      12      1       10      8.11431
1324    14      12      10      8       -5.76736
1325    14      12      8       6       -1.38010
1326    14      12      6       4       -0.59202
1327    14      12      4       2       -0.28411
1328    13      11      10      8       -20.46131
1329    13      11      8       6       -2.85488
1330    13      11      6       4       -0.97280
1331    13      11      4       2       -0.41803
1332    13      11      2       9       9.25282
1333    13      11      9       7       -6.88629
1334    13      11      7       5       -1.56052
1335    13      11      5       3       -0.63491
1336    13      11      3       1       -0.29302
1337    12      10      9       7       -26.11759
1338    12      10      7       5       -3.18918
1339    12      10      5       3       -1.02432
1340    12      10      3       1       -0.42062
1341    12      10      1       8       9.77469
1342    12      10      8       6       -7.24858
1343    12      10      6       4       -1.72531
1344    12      10      4       2       -0.63026
1345    11      9       8       6       -20.22598
1346    11      9       6       4       -2.83182
1347    11      9       4       2       -0.84893
1348    11      9       2       7       8.05771
1349    11      9       7       5       -6.22194
1350    11      9       5       3       -1.51169
1351    11      9       3       1       -0.53214
1352    10      8       7       5       -21.40667
1353    10      8       5       3       -2.86378
1354    10      8       3       1       -0.79533
1355    10      8       1       6       8.25878
1356    10      8       6       4       -6.57006
1357    10      8       4       2       -1.39381
1358    9       7       6       4       -20.69279
1359    9       7       4       2       -2.64242
1360    9       7       2       5       7.36803
1361    9       7       5       3       -6.49335
1362    9       7       3       1       -1.34803
1363    8       6       5       3       -21.07240
1364    8       6       3       1       -2.57197
1365    8       6       1       4       6.80481
1366    8       6       4       2       -5.98113
1367    7       5       4       2       -18.73661
1368    7       5       2       3       4.30069
1369    7       5       3       1       -5.97891
1370    6       4       3       1       -20.69828
