1370
1       1       3       4       6       -19.34226
2       1       3       6       8       -2.38904
3       1       3       8       10      -0.77918
4       1       3       10      12      -0.40437
5       1       3       12      14      -0.24354
6       1       3       14      16      -0.15581
7       1       3       16      18      -0.12022
8       1       3       18      20      -0.06884
9       1       3       20      22      -0.04839
10      1       3       22      24      -0.03697
11      1       3       5       7       -5.16231
12      1       3       7       9       -1.10701
13      1       3       9       11      -0.57572
14      1       3       11      13      -0.30781
15      1       3       13      15      -0.20197
16      1       3       15      17      -0.14290
17      1       3       17      19      -0.08881
18      1       3       19      21      -0.05612
19      1       3       21      23      -0.04118
20      1       3       23      25      -0.03256
21      2       4       5       7       -17.72480
22      2       4       7       9       -1.91762
23      2       4       9       11      -0.78627
24      2       4       11      13      -0.37795
25      2       4       13      15      -0.23560
26      2       4       15      17      -0.16527
27      2       4       17      19      -0.10067
28      2       4       19      21      -0.06328
29      2       4       21      23      -0.04534
30      2       4       23      25      -0.03557
31      2       4       6       8       -5.30285
32      2       4       8       10      -1.18050
33      2       4       10      12      -0.51400
34      2       4       12      14      -0.28897
35      2       4       14      16      -0.18090
36      2       4       16      18      -0.13732
37      2       4       18      20      -0.07791
38      2       4       20      22      -0.05393
39      2       4       22      24      -0.04051
40      2       4       24      26      -0.03235
41      3       5       6       8       -18.71358
42      3       5       8       10      -2.10662
43      3       5       10      12      -0.71219
44      3       5       12      14      -0.36074
45      3       5       14      16      -0.21882
46      3       5       16      18      -0.16235
47      3       5       18      20      -0.09118
48      3       5       20      22      -0.06222
49      3       5       22      24      -0.04578
50      3       5       24      26      -0.03653
51      3       5       7       9       -4.18729
52      3       5       9       11      -1.21561
53      3       5       11      13      -0.49615
54      3       5       13      15      -0.28705
55      3       5       15      17      -0.19867
56      3       5       17      19      -0.11823
57      3       5       19      21      -0.07383
58      3       5       21      23      -0.05150
59      3       5       23      25      -0.04064
60      3       5       25      27      -0.03218
61      4       6       7       9       -14.01215
62      4       6       9       11      -2.12925
63      4       6       11      13      -0.65326
64      4       6       13      15      -0.33744
65      4       6       15      17      -0.22071
66      4       6       17      19      -0.12837
67      4       6       19      21      -0.07836
68      4       6       21      23      -0.05407
69      4       6       23      25      -0.04206
70      4       6       25      27      -0.03299
71      4       6       8       10      -4.54600
72      4       6       10      12      -1.04065
73      4       6       12      14      -0.44193
74      4       6       14      16      -0.24868
75      4       6       16      18      -0.17877
76      4       6       18      20      -0.09782
77      4       6       20      22      -0.06576
78      4       6       22      24      -0.04769
79      4       6       24      26      -0.03769
80      4       6       26      28      -0.02628
81      5       7       8       10      -21.16530
82      5       7       10      12      -2.20045
83      5       7       12      14      -0.67423
84      5       7       14      16      -0.33124
85      5       7       16      18      -0.22426
86      5       7       18      20      -0.11809
87      5       7       20      22      -0.07727
88      5       7       22      24      -0.05503
89      5       7       24      26      -0.04272
90      5       7       26      28      -0.02968
91      5       7       9       11      -6.31080
92      5       7       11      13      -1.14441
93      5       7       13      15      -0.47754
94      5       7       15      17      -0.28261
95      5       7       17      19      -0.15790
96      5       7       19      21      -0.09313
97      5       7       21      23      -0.06306
98      5       7       23      25      -0.04790
99      5       7       25      27      -0.03797
100     5       7       27      29      -0.02889
101     6       8       9       11      -21.55866
102     6       8       11      13      -1.99145
103     6       8       13      15      -0.64996
104     6       8       15      17      -0.34419
105     6       8       17      19      -0.18386
106     6       8       19      21      -0.10490
107     6       8       21      23      -0.06956
108     6       8       23      25      -0.05191
109     6       8       25      27      -0.04067
110     6       8       27      29      -0.03064
111     6       8       10      12      -4.80047
112     6       8       12      14      -1.00002
113     6       8       14      16      -0.42146
114     6       8       16      18      -0.26661
115     6       8       18      20      -0.13505
116     6       8       20      22      -0.08612
117     6       8       22      24      -0.06013
118     6       8       24      26      -0.04582
119     6       8       26      28      -0.03172
120     6       8       28      30      -0.02865
121     7       9       10      12      -16.36884
122     7       9       12      14      -1.71352
123     7       9       14      16      -0.56337
124     7       9       16      18      -0.31937
125     7       9       18      20      -0.15199
126     7       9       20      22      -0.09367
127     7       9       22      24      -0.06373
128     7       9       24      26      -0.04740
129     7       9       26      28      -0.03215
130     7       9       28      30      -0.02913
131     7       9       11      13      -4.36501
132     7       9       13      15      -0.96963
133     7       9       15      17      -0.42774
134     7       9       17      19      -0.21321
135     7       9       19      21      -0.11547
136     7       9       21      23      -0.07475
137     7       9       23      25      -0.05445
138     7       9       25      27      -0.04144
139     7       9       27      29      -0.03145
140     7       9       29      31      -0.02311
141     8       10      11      13      -20.03310
142     8       10      13      15      -2.14492
143     8       10      15      17      -0.74112
144     8       10      17      19      -0.33310
145     8       10      19      21      -0.17080
146     8       10      21      23      -0.10588
147     8       10      23      25      -0.07477
148     8       10      25      27      -0.05577
149     8       10      27      29      -0.04143
150     8       10      29      31      -0.03048
151     8       10      12      14      -4.72206
152     8       10      14      16      -1.07028
153     8       10      16      18      -0.52061
154     8       10      18      20      -0.23012
155     8       10      20      22      -0.13542
156     8       10      22      24      -0.08866
157     8       10      24      26      -0.06436
158     8       10      26      28      -0.04280
159     8       10      28      30      -0.03837
160     8       10      30      32      -0.02795
161     9       11      12      14      -18.07132
162     9       11      14      16      -2.14206
163     9       11      16      18      -0.83813
164     9       11      18      20      -0.33662
165     9       11      20      22      -0.18676
166     9       11      22      24      -0.11623
167     9       11      24      26      -0.08215
168     9       11      26      28      -0.05353
169     9       11      28      30      -0.04694
170     9       11      30      32      -0.03414
171     9       11      13      15      -5.42434
172     9       11      15      17      -1.30181
173     9       11      17      19      -0.50573
174     9       11      19      21      -0.24272
175     9       11      21      23      -0.14183
176     9       11      23      25      -0.09664
177     9       11      25      27      -0.07044
178     9       11      27      29      -0.05066
179     9       11      29      31      -0.03798
180     9       11      31      33      -0.03045
181     10      12      13      15      -23.36283
182     10      12      15      17      -2.57138
183     10      12      17      19      -0.79232
184     10      12      19      21      -0.34063
185     10      12      21      23      -0.18533
186     10      12      23      25      -0.12003
187     10      12      25      27      -0.08448
188     10      12      27      29      -0.05938
189     10      12      29      31      -0.04368
190     10      12      31      33      -0.03471
191     10      12      14      16      -5.36024
192     10      12      16      18      -1.44021
193     10      12      18      20      -0.49470
194     10      12      20      22      -0.25250
195     10      12      22      24      -0.14743
196     10      12      24      26      -0.10005
197     10      12      26      28      -0.06340
198     10      12      28      30      -0.05438
199     10      12      30      32      -0.03907
200     10      12      32      34      -0.03004
201     11      13      14      16      -16.47486
202     11      13      16      18      -2.53260
203     11      13      18      20      -0.70955
204     11      13      20      22      -0.32830
205     11      13      22      24      -0.17810
206     11      13      24      26      -0.11535
207     11      13      26      28      -0.07081
208     11      13      28      30      -0.05941
209     11      13      30      32      -0.04189
210     11      13      32      34      -0.03172
211     11      13      15      17      -5.49832
212     11      13      17      19      -1.22989
213     11      13      19      21      -0.46228
214     11      13      21      23      -0.23168
215     11      13      23      25      -0.14164
216     11      13      25      27      -0.09586
217     11      13      27      29      -0.06566
218     11      13      29      31      -0.04699
219     11      13      31      33      -0.03692
220     11      13      33      35      -0.02801
221     12      14      15      17      -21.63436
222     12      14      17      19      -2.54023
223     12      14      19      21      -0.76600
224     12      14      21      23      -0.33785
225     12      14      23      25      -0.18952
226     12      14      25      27      -0.12122
227     12      14      27      29      -0.07961
228     12      14      29      31      -0.05560
229     12      14      31      33      -0.04274
230     12      14      33      35      -0.03203
231     12      14      16      18      -6.56464
232     12      14      18      20      -1.28208
233     12      14      20      22      -0.50907
234     12      14      22      24      -0.24703
235     12      14      24      26      -0.14960
236     12      14      26      28      -0.08770
237     12      14      28      30      -0.07112
238     12      14      30      32      -0.04891
239     12      14      32      34      -0.03657
240     12      14      34      36      -0.02898
241     13      15      16      18      -20.27876
242     13      15      18      20      -2.33958
243     13      15      20      22      -0.77862
244     13      15      22      24      -0.33602
245     13      15      24      26      -0.18999
246     13      15      26      28      -0.10631
247     13      15      28      30      -0.08323
248     13      15      30      32      -0.05593
249     13      15      32      34      -0.04113
250     13      15      34      36      -0.03209
251     13      15      17      19      -5.50746
252     13      15      19      21      -1.26045
253     13      15      21      23      -0.48425
254     13      15      23      25      -0.24859
255     13      15      25      27      -0.15030
256     13      15      27      29      -0.09460
257     13      15      29      31      -0.06454
258     13      15      31      33      -0.04818
259     13      15      33      35      -0.03597
260     13      15      35      37      -0.02845
261     14      16      17      19      -16.53322
262     14      16      19      21      -2.21668
263     14      16      21      23      -0.70392
264     14      16      23      25      -0.32099
265     14      16      25      27      -0.17970
266     14      16      27      29      -0.10718
267     14      16      29      31      -0.07034
268     14      16      31      33      -0.05151
269     14      16      33      35      -0.03766
270     14      16      35      37      -0.02956
271     14      16      18      20      -4.90785
272     14      16      20      22      -1.23166
273     14      16      22      24      -0.45525
274     14      16      24      26      -0.23451
275     14      16      26      28      -0.12331
276     14      16      28      30      -0.09277
277     14      16      30      32      -0.06027
278     14      16      32      34      -0.04335
279     14      16      34      36      -0.03356
280     14      16      36      38      -0.02410
281     15      17      18      20      -18.82661
282     15      17      20      22      -2.73001
283     15      17      22      24      -0.79227
284     15      17      24      26      -0.35870
285     15      17      26      28      -0.17361
286     15      17      28      30      -0.12340
287     15      17      30      32      -0.07710
288     15      17      32      34      -0.05405
289     15      17      34      36      -0.04115
290     15      17      36      38      -0.02905
291     15      17      19      21      -5.90828
292     15      17      21      23      -1.35984
293     15      17      23      25      -0.52146
294     15      17      25      27      -0.26301
295     15      17      27      29      -0.14624
296     15      17      29      31      -0.09145
297     15      17      31      33      -0.06502
298     15      17      33      35      -0.04637
299     15      17      35      37      -0.03596
300     15      17      37      39      -0.02676
301     16      18      19      21      -19.04117
302     16      18      21      23      -2.66834
303     16      18      23      25      -0.82320
304     16      18      25      27      -0.36681
305     16      18      27      29      -0.18703
306     16      18      29      31      -0.11120
307     16      18      31      33      -0.07528
308     16      18      33      35      -0.05269
309     16      18      35      37      -0.03969
310     16      18      37      39      -0.02930
311     16      18      20      22      -6.45218
312     16      18      22      24      -1.36098
313     16      18      24      26      -0.52713
314     16      18      26      28      -0.23109
315     16      18      28      30      -0.15268
316     16      18      30      32      -0.09142
317     16      18      32      34      -0.06197
318     16      18      34      36      -0.04586
319     16      18      36      38      -0.03194
320     16      18      38      40      -0.02522
321     17      19      20      22      -20.51119
322     17      19      22      24      -2.51833
323     17      19      24      26      -0.78187
324     17      19      26      28      -0.30006
325     17      19      28      30      -0.18090
326     17      19      30      32      -0.10122
327     17      19      32      34      -0.06570
328     17      19      34      36      -0.04717
329     17      19      36      38      -0.03205
330     17      19      38      40      -0.02503
331     17      19      21      23      -6.02417
332     17      19      23      25      -1.34986
333     17      19      25      27      -0.50755
334     17      19      27      29      -0.23051
335     17      19      29      31      -0.12683
336     17      19      31      33      -0.08146
337     17      19      33      35      -0.05507
338     17      19      35      37      -0.04027
339     17      19      37      39      -0.02923
340     17      19      39      41      -0.01954
341     18      20      21      23      -18.60973
342     18      20      23      25      -2.53632
343     18      20      25      27      -0.77600
344     18      20      27      29      -0.30970
345     18      20      29      31      -0.15579
346     18      20      31      33      -0.09451
347     18      20      33      35      -0.06111
348     18      20      35      37      -0.04346
349     18      20      37      39      -0.03063
350     18      20      39      41      -0.02012
351     18      20      22      24      -5.56746
352     18      20      24      26      -1.29617
353     18      20      26      28      -0.42694
354     18      20      28      30      -0.23296
355     18      20      30      32      -0.12034
356     18      20      32      34      -0.07445
357     18      20      34      36      -0.05166
358     18      20      36      38      -0.03408
359     18      20      38      40      -0.02613
360     18      20      40      42      -0.02066
361     19      21      22      24      -16.75501
362     19      21      24      26      -2.44143
363     19      21      26      28      -0.66581
364     19      21      28      30      -0.32526
365     19      21      30      32      -0.15420
366     19      21      32      34      -0.09020
367     19      21      34      36      -0.06025
368     19      21      36      38      -0.03865
369     19      21      38      40      -0.02878
370     19      21      40      42      -0.02248
371     19      21      23      25      -5.69894
372     19      21      25      27      -1.31540
373     19      21      27      29      -0.45295
374     19      21      29      31      -0.20659
375     19      21      31      33      -0.11763
376     19      21      33      35      -0.07245
377     19      21      35      37      -0.04997
378     19      21      37      39      -0.03414
379     19      21      39      41      -0.02241
380     19      21      41      43      -0.02018
381     20      22      23      25      -19.85162
382     20      22      25      27      -2.73579
383     20      22      27      29      -0.76838
384     20      22      29      31      -0.31186
385     20      22      31      33      -0.16292
386     20      22      33      35      -0.09489
387     20      22      35      37      -0.06257
388     20      22      37      39      -0.04153
389     20      22      39      41      -0.02676
390     20      22      41      43      -0.02571
391     20      22      24      26      -5.98192
392     20      22      26      28      -1.22591
393     20      22      28      30      -0.51877
394     20      22      30      32      -0.22217
395     20      22      32      34      -0.12108
396     20      22      34      36      -0.07704
397     20      22      36      38      -0.04756
398     20      22      38      40      -0.03454
399     20      22      40      42      -0.02639
400     20      22      42      44      -0.01974
401     21      23      24      26      -18.97794
402     21      23      26      28      -2.39942
403     21      23      28      30      -0.85063
404     21      23      30      32      -0.32472
405     21      23      32      34      -0.16360
406     21      23      34      36      -0.09850
407     21      23      36      38      -0.05815
408     21      23      38      40      -0.04135
409     21      23      40      42      -0.03080
410     21      23      42      44      -0.02224
411     21      23      25      27      -6.39888
412     21      23      27      29      -1.35198
413     21      23      29      31      -0.47981
414     21      23      31      33      -0.22799
415     21      23      33      35      -0.12464
416     21      23      35      37      -0.07820
417     21      23      37      39      -0.05010
418     21      23      39      41      -0.03098
419     21      23      41      43      -0.02745
420     21      23      43      45      -0.01978
421     22      24      25      27      -22.63376
422     22      24      27      29      -2.72726
423     22      24      29      31      -0.80644
424     22      24      31      33      -0.34385
425     22      24      33      35      -0.17429
426     22      24      35      37      -0.10358
427     22      24      37      39      -0.06361
428     22      24      39      41      -0.03822
429     22      24      41      43      -0.03311
430     22      24      43      45      -0.02364
431     22      24      26      28      -5.74107
432     22      24      28      30      -1.55623
433     22      24      30      32      -0.51444
434     22      24      32      34      -0.23677
435     22      24      34      36      -0.13385
436     22      24      36      38      -0.07540
437     22      24      38      40      -0.05187
438     22      24      40      42      -0.03748
439     22      24      42      44      -0.02680
440     22      24      44      46      -0.02127
441     23      25      26      28      -17.42885
442     23      25      28      30      -2.90646
443     23      25      30      32      -0.79630
444     23      25      32      34      -0.33041
445     23      25      34      36      -0.17420
446     23      25      36      38      -0.09323
447     23      25      38      40      -0.06170
448     23      25      40      42      -0.04343
449     23      25      42      44      -0.03047
450     23      25      44      46      -0.02374
451     23      25      27      29      -5.93949
452     23      25      29      31      -1.34224
453     23      25      31      33      -0.50338
454     23      25      33      35      -0.23425
455     23      25      35      37      -0.13127
456     23      25      37      39      -0.07695
457     23      25      39      41      -0.04490
458     23      25      41      43      -0.03789
459     23      25      43      45      -0.02668
460     23      25      45      47      -0.02077
461     24      26      27      29      -22.46772
462     24      26      29      31      -2.84277
463     24      26      31      33      -0.86944
464     24      26      33      35      -0.35757
465     24      26      35      37      -0.18453
466     24      26      37      39      -0.10112
467     24      26      39      41      -0.05664
468     24      26      41      43      -0.04610
469     24      26      43      45      -0.03170
470     24      26      45      47      -0.02417
471     24      26      28      30      -7.63758
472     24      26      30      32      -1.49864
473     24      26      32      34      -0.53307
474     24      26      34      36      -0.25456
475     24      26      36      38      -0.12675
476     24      26      38      40      -0.07923
477     24      26      40      42      -0.05384
478     24      26      42      44      -0.03646
479     24      26      44      46      -0.02804
480     24      26      46      48      -0.01938
481     25      27      28      30      -24.68331
482     25      27      30      32      -2.84717
483     25      27      32      34      -0.84035
484     25      27      34      36      -0.36149
485     25      27      36      38      -0.16694
486     25      27      38      40      -0.09916
487     25      27      40      42      -0.06465
488     25      27      42      44      -0.04250
489     25      27      44      46      -0.03198
490     25      27      46      48      -0.02190
491     25      27      29      31      -6.37979
492     25      27      31      33      -1.47862
493     25      27      33      35      -0.53219
494     25      27      35      37      -0.25174
495     25      27      37      39      -0.12921
496     25      27      39      41      -0.06926
497     25      27      41      43      -0.05463
498     25      27      43      45      -0.03638
499     25      27      45      47      -0.02741
500     26      28      29      31      -17.79059
501     26      28      31      33      -2.55353
502     26      28      33      35      -0.76330
503     26      28      35      37      -0.32444
504     26      28      37      39      -0.15317
505     26      28      39      41      -0.07788
506     26      28      41      43      -0.05884
507     26      28      43      45      -0.03799
508     26      28      45      47      -0.02780
509     26      28      30      32      -5.79809
510     26      28      32      34      -1.30170
511     26      28      34      36      -0.48886
512     26      28      36      38      -0.20609
513     26      28      38      40      -0.11411
514     26      28      40      42      -0.07113
515     26      28      42      44      -0.04501
516     26      28      44      46      -0.03277
517     26      28      46      48      -0.02192
518     27      29      30      32      -21.29128
519     27      29      32      34      -2.82870
520     27      29      34      36      -0.87813
521     27      29      36      38      -0.33040
522     27      29      38      40      -0.17023
523     27      29      40      42      -0.09964
524     27      29      42      44      -0.06004
525     27      29      44      46      -0.04258
526     27      29      46      48      -0.02772
527     27      29      31      33      -6.58899
528     27      29      33      35      -1.48266
529     27      29      35      37      -0.54764
530     27      29      37      39      -0.23512
531     27      29      39      41      -0.11180
532     27      29      41      43      -0.08065
533     27      29      43      45      -0.05002
534     27      29      45      47      -0.03547
535     28      30      31      33      -20.37623
536     28      30      33      35      -2.81420
537     28      30      35      37      -0.88038
538     28      30      37      39      -0.34125
539     28      30      39      41      -0.15223
540     28      30      41      43      -0.10464
541     28      30      43      45      -0.06223
542     28      30      45      47      -0.04268
543     28      30      47      32      8.88301
544     28      30      32      34      -6.35102
545     28      30      34      36      -1.51055
546     28      30      36      38      -0.50235
547     28      30      38      40      -0.23904
548     28      30      40      42      -0.13220
549     28      30      42      44      -0.07613
550     28      30      44      46      -0.05210
551     28      30      46      48      -0.03303
552     29      31      32      34      -19.32847
553     29      31      34      36      -2.64242
554     29      31      36      38      -0.73343
555     29      31      38      40      -0.31157
556     29      31      40      42      -0.16219
557     29      31      42      44      -0.08822
558     29      31      44      46      -0.05750
559     29      31      46      48      -0.03504
560     29      31      48      33      8.15359
561     29      31      33      35      -5.85137
562     29      31      35      37      -1.38626
563     29      31      37      39      -0.46539
564     29      31      39      41      -0.19281
565     29      31      41      43      -0.12436
566     29      31      43      45      -0.07044
567     29      31      45      47      -0.04655
568     30      32      33      35      -21.75481
569     30      32      35      37      -2.77227
570     30      32      37      39      -0.75595
571     30      32      39      41      -0.28145
572     30      32      41      43      -0.16990
573     30      32      43      45      -0.09090
574     30      32      45      47      -0.05720
575     30      32      47      34      8.69828
576     30      32      34      36      -6.47834
577     30      32      36      38      -1.29447
578     30      32      38      40      -0.48094
579     30      32      40      42      -0.22819
580     30      32      42      44      -0.11628
581     30      32      44      46      -0.07256
582     30      32      46      48      -0.04269
583     31      33      34      36      -21.13579
584     31      33      36      38      -2.47881
585     31      33      38      40      -0.76421
586     31      33      40      42      -0.32565
587     31      33      42      44      -0.15438
588     31      33      44      46      -0.09171
589     31      33      46      48      -0.05162
590     31      33      48      35      8.55109
591     31      33      35      37      -6.40281
592     31      33      37      39      -1.28267
593     31      33      39      41      -0.41922
594     31      33      41      43      -0.23420
595     31      33      43      45      -0.11753
596     31      33      45      47      -0.07083
597     32      34      35      37      -20.85588
598     32      34      37      39      -2.42470
599     32      34      39      41      -0.66074
600     32      34      41      43      -0.33474
601     32      34      43      45      -0.15532
602     32      34      45      47      -0.08816
603     32      34      47      36      7.83520
604     32      34      36      38      -5.68101
605     32      34      38      40      -1.30236
606     32      34      40      42      -0.48569
607     32      34      42      44      -0.21133
608     32      34      44      46      -0.11676
609     32      34      46      48      -0.06292
610     33      35      36      38      -17.48137
611     33      35      38      40      -2.48152
612     33      35      40      42      -0.77755
613     33      35      42      44      -0.30502
614     33      35      44      46      -0.15873
615     33      35      46      48      -0.08035
616     33      35      48      37      7.38143
617     33      35      37      39      -5.37443
618     33      35      39      41      -1.13163
619     33      35      41      43      -0.50907
620     33      35      43      45      -0.21711
621     33      35      45      47      -0.11549
622     34      36      37      39      -19.22532
623     34      36      39      41      -2.36048
624     34      36      41      43      -0.89176
625     34      36      43      45      -0.33963
626     34      36      45      47      -0.16816
627     34      36      47      38      8.56721
628     34      36      38      40      -6.30369
629     34      36      40      42      -1.45683
630     34      36      42      44      -0.49864
631     34      36      44      46      -0.23908
632     34      36      46      48      -0.11360
633     35      37      38      40      -22.48109
634     35      37      40      42      -2.90771
635     35      37      42      44      -0.82981
636     35      37      44      46      -0.36215
637     35      37      46      48      -0.15992
638     35      37      48      39      8.08631
639     35      37      39      41      -5.62398
640     35      37      41      43      -1.61594
641     35      37      43      45      -0.53674
642     35      37      45      47      -0.24472
643     36      38      39      41      -17.14110
644     36      38      41      43      -2.94515
645     36      38      43      45      -0.81322
646     36      38      45      47      -0.33720
647     36      38      47      40      8.16760
648     36      38      40      42      -6.17670
649     36      38      42      44      -1.33969
650     36      38      44      46      -0.52141
651     36      38      46      48      -0.21270
652     37      39      40      42      -26.35867
653     37      39      42      44      -2.89420
654     37      39      44      46      -0.92971
655     37      39      46      48      -0.33740
656     37      39      48      41      10.48240
657     37      39      41      43      -8.21613
658     37      39      43      45      -1.57469
659     37      39      45      47      -0.56427
660     38      40      41      43      -26.04375
661     38      40      43      45      -2.68434
662     38      40      45      47      -0.81950
663     38      40      47      42      7.49983
664     38      40      42      44      -5.76114
665     38      40      44      46      -1.44362
666     38      40      46      48      -0.46632
667     39      41      42      44      -17.90319
668     39      41      44      46      -2.60646
669     39      41      46      48      -0.70004
670     39      41      48      43      7.36898
671     39      41      43      45      -5.79835
672     39      41      45      47      -1.32221
673     40      42      43      45      -21.56547
674     40      42      45      47      -2.83176
675     40      42      47      44      7.63376
676     40      42      44      46      -6.73772
677     40      42      46      48      -1.35203
678     41      43      44      46      -26.27051
679     41      43      46      48      -2.58547
680     41      43      48      45      7.43887
681     41      43      45      47      -6.63563
682     42      44      45      47      -22.68515
683     42      44      47      46      4.15519
684     42      44      46      48      -5.68069
685     43      45      46      48      -16.77131
686     48      46      45      43      -16.32988
687     48      46      43      41      -2.60830
688     48      46      41      39      -0.69615
689     48      46      39      37      -0.33804
690     48      46      37      35      -0.15994
691     48      46      35      33      -0.08044
692     48      46      33      31      -0.05172
693     48      46      31      29      -0.03506
694     48      46      29      27      -0.02774
695     48      46      27      25      -0.02172
696     48      46      44      42      -5.63228
697     48      46      42      40      -1.34452
698     48      46      40      38      -0.46530
699     48      46      38      36      -0.21266
700     48      46      36      34      -0.11346
701     48      46      34      32      -0.06297
702     48      46      32      30      -0.04267
703     48      46      30      28      -0.03300
704     48      46      28      26      -0.02191
705     48      46      26      24      -0.01941
706     47      45      44      42      -22.51675
707     47      45      42      40      -2.80523
708     47      45      40      38      -0.81357
709     47      45      38      36      -0.33483
710     47      45      36      34      -0.16688
711     47      45      34      32      -0.08768
712     47      45      32      30      -0.05695
713     47      45      30      28      -0.04250
714     47      45      28      26      -0.02758
715     47      45      26      24      -0.02403
716     47      45      43      41      -6.69054
717     47      45      41      39      -1.30819
718     47      45      39      37      -0.56229
719     47      45      37      35      -0.24307
720     47      45      35      33      -0.11502
721     47      45      33      31      -0.07033
722     47      45      31      29      -0.04613
723     47      45      29      27      -0.03519
724     47      45      27      25      -0.02716
725     47      45      25      23      -0.02056
726     46      44      43      41      -26.81258
727     46      44      41      39      -2.60590
728     46      44      39      37      -0.93584
729     46      44      37      35      -0.36337
730     46      44      35      33      -0.15941
731     46      44      33      31      -0.09202
732     46      44      31      29      -0.05767
733     46      44      29      27      -0.04270
734     46      44      27      25      -0.03207
735     46      44      25      23      -0.02390
736     46      44      42      40      -6.74421
737     46      44      40      38      -1.45014
738     46      44      38      36      -0.52390
739     46      44      36      34      -0.24028
740     46      44      34      32      -0.11814
741     46      44      32      30      -0.07281
742     46      44      30      28      -0.05235
743     46      44      28      26      -0.03294
744     46      44      26      24      -0.02815
745     46      44      24      22      -0.02141
746     45      43      42      40      -21.60849
747     45      43      40      38      -2.68894
748     45      43      38      36      -0.81412
749     45      43      36      34      -0.34009
750     45      43      34      32      -0.15572
751     45      43      32      30      -0.09094
752     45      43      30      28      -0.06234
753     45      43      28      26      -0.03800
754     45      43      26      24      -0.03170
755     45      43      24      22      -0.02368
756     45      43      41      39      -5.79659
757     45      43      39      37      -1.58501
758     45      43      37      35      -0.53825
759     45      43      35      33      -0.21769
760     45      43      33      31      -0.11777
761     45      43      31      29      -0.07058
762     45      43      29      27      -0.05011
763     45      43      27      25      -0.03647
764     45      43      25      23      -0.02668
765     45      43      23      21      -0.02000
766     44      42      41      39      -17.88083
767     44      42      39      37      -2.88895
768     44      42      37      35      -0.82619
769     44      42      35      33      -0.30390
770     44      42      33      31      -0.15378
771     44      42      31      29      -0.08770
772     44      42      29      27      -0.05983
773     44      42      27      25      -0.04229
774     44      42      25      23      -0.03025
775     44      42      23      21      -0.02226
776     44      42      40      38      -5.71807
777     44      42      38      36      -1.33006
778     44      42      36      34      -0.49615
779     44      42      34      32      -0.21002
780     44      42      32      30      -0.11572
781     44      42      30      28      -0.07582
782     44      42      28      26      -0.04469
783     44      42      26      24      -0.03629
784     44      42      24      22      -0.02662
785     44      42      22      20      -0.01947
786     43      41      40      38      -25.65068
787     43      41      38      36      -2.91160
788     43      41      36      34      -0.88547
789     43      41      34      32      -0.33319
790     43      41      32      30      -0.16902
791     43      41      30      28      -0.10418
792     43      41      28      26      -0.05849
793     43      41      26      24      -0.04593
794     43      41      24      22      -0.03281
795     43      41      22      20      -0.02351
796     43      41      39      37      -8.16104
797     43      41      37      35      -1.60449
798     43      41      35      33      -0.50693
799     43      41      33      31      -0.23320
800     43      41      31      29      -0.12375
801     43      41      29      27      -0.08031
802     43      41      27      25      -0.05446
803     43      41      25      23      -0.03763
804     43      41      23      21      -0.02732
805     43      41      21      19      -0.02004
806     42      40      39      37      -26.35363
807     42      40      37      35      -2.90566
808     42      40      35      33      -0.77842
809     42      40      33      31      -0.32574
810     42      40      31      29      -0.16227
811     42      40      29      27      -0.09984
812     42      40      27      25      -0.06480
813     42      40      25      23      -0.04343
814     42      40      23      21      -0.03077
815     42      40      21      19      -0.02253
816     42      40      38      36      -6.12894
817     42      40      36      34      -1.45486
818     42      40      34      32      -0.48649
819     42      40      32      30      -0.22830
820     42      40      30      28      -0.13234
821     42      40      28      26      -0.07118
822     42      40      26      24      -0.05393
823     42      40      24      22      -0.03754
824     42      40      22      20      -0.02642
825     42      40      20      18      -0.02074
826     41      39      38      36      -17.08661
827     41      39      36      34      -2.37768
828     41      39      34      32      -0.66699
829     41      39      32      30      -0.28362
830     41      39      30      28      -0.15355
831     41      39      28      26      -0.07847
832     41      39      26      24      -0.05714
833     41      39      24      22      -0.03858
834     41      39      22      20      -0.02667
835     41      39      20      18      -0.02042
836     41      39      37      35      -5.67818
837     41      39      35      33      -1.14342
838     41      39      33      31      -0.42282
839     41      39      31      29      -0.19446
840     41      39      29      27      -0.11292
841     41      39      27      25      -0.06995
842     41      39      25      23      -0.04526
843     41      39      23      21      -0.03132
844     41      39      21      19      -0.02246
845     41      39      19      17      -0.01973
846     40      38      37      35      -22.64591
847     40      38      35      33      -2.49303
848     40      38      33      31      -0.76570
849     40      38      31      29      -0.31203
850     40      38      29      27      -0.17050
851     40      38      27      25      -0.09944
852     40      38      25      23      -0.06170
853     40      38      23      21      -0.04148
854     40      38      21      19      -0.02871
855     40      38      19      17      -0.02506
856     40      38      36      34      -6.32426
857     40      38      34      32      -1.30691
858     40      38      32      30      -0.48162
859     40      38      30      28      -0.23945
860     40      38      28      26      -0.11415
861     40      38      26      24      -0.07933
862     40      38      24      22      -0.05192
863     40      38      22      20      -0.03454
864     40      38      20      18      -0.02608
865     40      38      18      16      -0.02535
866     39      37      36      34      -19.19346
867     39      37      34      32      -2.42031
868     39      37      32      30      -0.75340
869     39      37      30      28      -0.34050
870     39      37      28      26      -0.15265
871     39      37      26      24      -0.10093
872     39      37      24      22      -0.06349
873     39      37      22      20      -0.04138
874     39      37      20      18      -0.03059
875     39      37      18      16      -0.02920
876     39      37      35      33      -5.36780
877     39      37      33      31      -1.27943
878     39      37      31      29      -0.46452
879     39      37      29      27      -0.23478
880     39      37      27      25      -0.12922
881     39      37      25      23      -0.07669
882     39      37      23      21      -0.05011
883     39      37      21      19      -0.03398
884     39      37      19      17      -0.02911
885     39      37      17      15      -0.02670
886     38      36      35      33      -17.47665
887     38      36      33      31      -2.47001
888     38      36      31      29      -0.73090
889     38      36      29      27      -0.33017
890     38      36      27      25      -0.16690
891     38      36      25      23      -0.09302
892     38      36      23      21      -0.05822
893     38      36      21      19      -0.03848
894     38      36      19      17      -0.03197
895     38      36      17      15      -0.02907
896     38      36      34      32      -5.66738
897     38      36      32      30      -1.29038
898     38      36      30      28      -0.50159
899     38      36      28      26      -0.20548
900     38      36      26      24      -0.12656
901     38      36      24      22      -0.07533
902     38      36      22      20      -0.04741
903     38      36      20      18      -0.03402
904     38      36      18      16      -0.03183
905     38      36      16      14      -0.02403
906     37      35      34      32      -20.85095
907     37      35      32      30      -2.76895
908     37      35      30      28      -0.88030
909     37      35      28      26      -0.32419
910     37      35      26      24      -0.18470
911     37      35      24      22      -0.10369
912     37      35      22      20      -0.06254
913     37      35      20      18      -0.04348
914     37      35      18      16      -0.03969
915     37      35      16      14      -0.02950
916     37      35      33      31      -6.39413
917     37      35      31      29      -1.38556
918     37      35      29      27      -0.54870
919     37      35      27      25      -0.25232
920     37      35      25      23      -0.13113
921     37      35      23      21      -0.07844
922     37      35      21      19      -0.04988
923     37      35      19      17      -0.04021
924     37      35      17      15      -0.03600
925     37      35      15      13      -0.02838
926     36      34      33      31      -21.24534
927     36      34      31      29      -2.65386
928     36      34      29      27      -0.88376
929     36      34      27      25      -0.36389
930     36      34      25      23      -0.17488
931     36      34      23      21      -0.09925
932     36      34      21      19      -0.06034
933     36      34      19      17      -0.04734
934     36      34      17      15      -0.04129
935     36      34      15      13      -0.03216
936     36      34      32      30      -6.51690
937     36      34      30      28      -1.51905
938     36      34      28      26      -0.49090
939     36      34      26      24      -0.25596
940     36      34      24      22      -0.13458
941     36      34      22      20      -0.07737
942     36      34      20      18      -0.05191
943     36      34      18      16      -0.04607
944     36      34      16      14      -0.03362
945     36      34      14      12      -0.02916
946     35      33      32      30      -21.66038
947     35      33      30      28      -2.81863
948     35      33      28      26      -0.76412
949     35      33      26      24      -0.35864
950     35      33      24      22      -0.17476
951     35      33      22      20      -0.09504
952     35      33      20      18      -0.06120
953     35      33      18      16      -0.05277
954     35      33      16      14      -0.03763
955     35      33      14      12      -0.03223
956     35      33      31      29      -5.85190
957     35      33      29      27      -1.48875
958     35      33      27      25      -0.53488
959     35      33      25      23      -0.23452
960     35      33      23      21      -0.12527
961     35      33      21      19      -0.07244
962     35      33      19      17      -0.05508
963     35      33      17      15      -0.04655
964     35      33      15      13      -0.03590
965     35      33      13      11      -0.02829
966     34      32      31      29      -19.17547
967     34      32      29      27      -2.83264
968     34      32      27      25      -0.84226
969     34      32      25      23      -0.33008
970     34      32      23      21      -0.16405
971     34      32      21      19      -0.08988
972     34      32      19      17      -0.06557
973     34      32      17      15      -0.05404
974     34      32      15      13      -0.04091
975     34      32      13      11      -0.03185
976     34      32      30      28      -6.33373
977     34      32      28      26      -1.29925
978     34      32      26      24      -0.53313
979     34      32      24      22      -0.23678
980     34      32      22      20      -0.12095
981     34      32      20      18      -0.07434
982     34      32      18      16      -0.06189
983     34      32      16      14      -0.04322
984     34      32      14      12      -0.03652
985     34      32      12      10      -0.02996
986     33      31      30      28      -20.46732
987     33      31      28      26      -2.56300
988     33      31      26      24      -0.87435
989     33      31      24      22      -0.34562
990     33      31      22      20      -0.16347
991     33      31      20      18      -0.09483
992     33      31      18      16      -0.07550
993     33      31      16      14      -0.05156
994     33      31      14      12      -0.04280
995     33      31      12      10      -0.03467
996     33      31      29      27      -6.65175
997     33      31      27      25      -1.49180
998     33      31      25      23      -0.50545
999     33      31      23      21      -0.22973
1000    33      31      21      19      -0.11783
1001    33      31      19      17      -0.08165
1002    33      31      17      15      -0.06531
1003    33      31      15      13      -0.04820
1004    33      31      13      11      -0.03715
1005    33      31      11      9       -0.03029
1006    32      30      29      27      -21.44687
1007    32      30      27      25      -2.86952
1008    32      30      25      23      -0.79848
1009    32      30      23      21      -0.32675
1010    32      30      21      19      -0.15410
1011    32      30      19      17      -0.10133
1012    32      30      17      15      -0.07733
1013    32      30      15      13      -0.05587
1014    32      30      13      11      -0.04212
1015    32      30      11      9       -0.03396
1016    32      30      28      26      -5.80620
1017    32      30      26      24      -1.50409
1018    32      30      24      22      -0.51626
1019    32      30      22      20      -0.22273
1020    32      30      20      18      -0.12061
1021    32      30      18      16      -0.09160
1022    32      30      16      14      -0.06028
1023    32      30      14      12      -0.04902
1024    32      30      12      10      -0.03909
1025    32      30      10      8       -0.02783
1026    31      29      28      26      -17.86991
1027    31      29      26      24      -2.86605
1028    31      29      24      22      -0.81180
1029    31      29      22      20      -0.31348
1030    31      29      20      18      -0.15631
1031    31      29      18      16      -0.11157
1032    31      29      16      14      -0.07035
1033    31      29      14      12      -0.05583
1034    31      29      12      10      -0.04361
1035    31      29      10      8       -0.03071
1036    31      29      27      25      -6.48561
1037    31      29      25      23      -1.35132
1038    31      29      23      21      -0.48433
1039    31      29      21      19      -0.20710
1040    31      29      19      17      -0.12718
1041    31      29      17      15      -0.09196
1042    31      29      15      13      -0.06453
1043    31      29      13      11      -0.04736
1044    31      29      11      9       -0.03778
1045    31      29      9       7       -0.02368
1046    30      28      27      25      -24.69748
1047    30      28      25      23      -2.89920
1048    30      28      23      21      -0.85203
1049    30      28      21      19      -0.32370
1050    30      28      19      17      -0.18032
1051    30      28      17      15      -0.12329
1052    30      28      15      13      -0.08276
1053    30      28      13      11      -0.05956
1054    30      28      11      9       -0.04655
1055    30      28      9       7       -0.02928
1056    30      28      26      24      -7.62243
1057    30      28      24      22      -1.55407
1058    30      28      22      20      -0.51783
1059    30      28      20      18      -0.23248
1060    30      28      18      16      -0.15237
1061    30      28      16      14      -0.09241
1062    30      28      14      12      -0.07102
1063    30      28      12      10      -0.05413
1064    30      28      10      8       -0.03817
1065    30      28      8       6       -0.02870
1066    29      27      26      24      -22.48505
1067    29      27      24      22      -2.73438
1068    29      27      22      20      -0.76911
1069    29      27      20      18      -0.30979
1070    29      27      18      16      -0.18681
1071    29      27      16      14      -0.10711
1072    29      27      14      12      -0.07967
1073    29      27      12      10      -0.05928
1074    29      27      10      8       -0.04109
1075    29      27      8       6       -0.03075
1076    29      27      25      23      -5.95232
1077    29      27      23      21      -1.35870
1078    29      27      21      19      -0.45240
1079    29      27      19      17      -0.23015
1080    29      27      17      15      -0.14649
1081    29      27      15      13      -0.09435
1082    29      27      13      11      -0.06590
1083    29      27      11      9       -0.05046
1084    29      27      9       7       -0.03143
1085    29      27      7       5       -0.02857
1086    28      26      25      23      -17.39636
1087    28      26      23      21      -2.41443
1088    28      26      21      19      -0.66574
1089    28      26      19      17      -0.30067
1090    28      26      17      15      -0.17441
1091    28      26      15      13      -0.10631
1092    28      26      13      11      -0.07135
1093    28      26      11      9       -0.05339
1094    28      26      9       7       -0.03247
1095    28      26      7       5       -0.02957
1096    28      26      24      22      -5.75170
1097    28      26      22      20      -1.23016
1098    28      26      20      18      -0.42829
1099    28      26      18      16      -0.23181
1100    28      26      16      14      -0.12350
1101    28      26      14      12      -0.08805
1102    28      26      12      10      -0.06351
1103    28      26      10      8       -0.04280
1104    28      26      8       6       -0.03215
1105    28      26      6       4       -0.02607
1106    27      25      24      22      -22.59587
1107    27      25      22      20      -2.74252
1108    27      25      20      18      -0.77724
1109    27      25      18      16      -0.36735
1110    27      25      16      14      -0.17954
1111    27      25      14      12      -0.12148
1112    27      25      12      10      -0.08433
1113    27      25      10      8       -0.05567
1114    27      25      8       6       -0.04106
1115    27      25      6       4       -0.03291
1116    27      25      23      21      -6.43436
1117    27      25      21      19      -1.31465
1118    27      25      19      17      -0.50779
1119    27      25      17      15      -0.26380
1120    27      25      15      13      -0.14999
1121    27      25      13      11      -0.09636
1122    27      25      11      9       -0.07005
1123    27      25      9       7       -0.04178
1124    27      25      7       5       -0.03771
1125    27      25      5       3       -0.03226
1126    26      24      23      21      -19.07399
1127    26      24      21      19      -2.44227
1128    26      24      19      17      -0.78432
1129    26      24      17      15      -0.36044
1130    26      24      15      13      -0.19006
1131    26      24      13      11      -0.11616
1132    26      24      11      9       -0.08181
1133    26      24      9       7       -0.04777
1134    26      24      7       5       -0.04245
1135    26      24      5       3       -0.03639
1136    26      24      22      20      -6.00310
1137    26      24      20      18      -1.30146
1138    26      24      18      16      -0.52925
1139    26      24      16      14      -0.23483
1140    26      24      14      12      -0.15011
1141    26      24      12      10      -0.10007
1142    26      24      10      8       -0.06428
1143    26      24      8       6       -0.04613
1144    26      24      6       4       -0.03770
1145    26      24      4       2       -0.03229
1146    25      23      22      20      -19.96182
1147    25      23      20      18      -2.55538
1148    25      23      18      16      -0.82884
1149    25      23      16      14      -0.32233
1150    25      23      14      12      -0.19064
1151    25      23      12      10      -0.12027
1152    25      23      10      8       -0.07483
1153    25      23      8       6       -0.05235
1154    25      23      6       4       -0.04202
1155    25      23      4       2       -0.03567
1156    25      23      21      19      -5.72735
1157    25      23      19      17      -1.35901
1158    25      23      17      15      -0.52594
1159    25      23      15      13      -0.24947
1160    25      23      13      11      -0.14295
1161    25      23      11      9       -0.09645
1162    25      23      9       7       -0.05500
1163    25      23      7       5       -0.04763
1164    25      23      5       3       -0.04037
1165    25      23      3       1       -0.03291
1166    24      22      21      19      -16.62516
1167    24      22      19      17      -2.51724
1168    24      22      17      15      -0.79475
1169    24      22      15      13      -0.33555
1170    24      22      13      11      -0.17906
1171    24      22      11      9       -0.11557
1172    24      22      9       7       -0.06413
1173    24      22      7       5       -0.05457
1174    24      22      5       3       -0.04615
1175    24      22      3       1       -0.03666
1176    24      22      20      18      -5.57120
1177    24      22      18      16      -1.36284
1178    24      22      16      14      -0.45504
1179    24      22      14      12      -0.24751
1180    24      22      12      10      -0.14719
1181    24      22      10      8       -0.08842
1182    24      22      8       6       -0.06047
1183    24      22      6       4       -0.04756
1184    24      22      4       2       -0.04043
1185    23      21      20      18      -18.70737
1186    23      21      18      16      -2.67476
1187    23      21      16      14      -0.70412
1188    23      21      14      12      -0.33858
1189    23      21      12      10      -0.18492
1190    23      21      10      8       -0.10555
1191    23      21      8       6       -0.06986
1192    23      21      6       4       -0.05395
1193    23      21      4       2       -0.04518
1194    23      21      19      17      -6.03458
1195    23      21      17      15      -1.36624
1196    23      21      15      13      -0.48397
1197    23      21      13      11      -0.23283
1198    23      21      11      9       -0.14095
1199    23      21      9       7       -0.07525
1200    23      21      7       5       -0.06250
1201    23      21      5       3       -0.05167
1202    23      21      3       1       -0.04090
1203    22      20      19      17      -20.20548
1204    22      20      17      15      -2.73282
1205    22      20      15      13      -0.77672
1206    22      20      13      11      -0.32987
1207    22      20      11      9       -0.18556
1208    22      20      9       7       -0.09426
1209    22      20      7       5       -0.07655
1210    22      20      5       3       -0.06226
1211    22      20      3       1       -0.04839
1212    22      20      18      16      -6.41941
1213    22      20      16      14      -1.22969
1214    22      20      14      12      -0.50973
1215    22      20      12      10      -0.25201
1216    22      20      10      8       -0.13508
1217    22      20      8       6       -0.08655
1218    22      20      6       4       -0.06555
1219    22      20      4       2       -0.05387
1220    21      19      18      16      -18.97688
1221    21      19      16      14      -2.21515
1222    21      19      14      12      -0.76748
1223    21      19      12      10      -0.33998
1224    21      19      10      8       -0.17040
1225    21      19      8       6       -0.10548
1226    21      19      6       4       -0.07822
1227    21      19      4       2       -0.06310
1228    21      19      2       17      8.20239
1229    21      19      17      15      -5.92431
1230    21      19      15      13      -1.25882
1231    21      19      13      11      -0.46448
1232    21      19      11      9       -0.24125
1233    21      19      9       7       -0.11641
1234    21      19      7       5       -0.09231
1235    21      19      5       3       -0.07412
1236    21      19      3       1       -0.05594
1237    20      18      17      15      -18.73813
1238    20      18      15      13      -2.33269
1239    20      18      13      11      -0.71231
1240    20      18      11      9       -0.33423
1241    20      18      9       7       -0.15281
1242    20      18      7       5       -0.11697
1243    20      18      5       3       -0.09144
1244    20      18      3       1       -0.06856
1245    20      18      1       16      7.23551
1246    20      18      16      14      -4.88571
1247    20      18      14      12      -1.28313
1248    20      18      12      10      -0.49296
1249    20      18      10      8       -0.22931
1250    20      18      8       6       -0.13564
1251    20      18      6       4       -0.09759
1252    20      18      4       2       -0.07776
1253    19      17      16      14      -16.51212
1254    19      17      14      12      -2.55402
1255    19      17      12      10      -0.79283
1256    19      17      10      8       -0.33317
1257    19      17      8       6       -0.18529
1258    19      17      6       4       -0.12836
1259    19      17      4       2       -0.10055
1260    19      17      2       15      7.80399
1261    19      17      15      13      -5.52082
1262    19      17      13      11      -1.23979
1263    19      17      11      9       -0.50376
1264    19      17      9       7       -0.21517
1265    19      17      7       5       -0.15689
1266    19      17      5       3       -0.11879
1267    19      17      3       1       -0.08885
1268    18      16      15      13      -20.20010
1269    18      16      13      11      -2.54697
1270    18      16      11      9       -0.83246
1271    18      16      9       7       -0.32148
1272    18      16      7       5       -0.22209
1273    18      16      5       3       -0.16277
1274    18      16      3       1       -0.12004
1275    18      16      1       14      9.17456
1276    18      16      14      12      -6.57583
1277    18      16      12      10      -1.43746
1278    18      16      10      8       -0.51934
1279    18      16      8       6       -0.26785
1280    18      16      6       4       -0.17801
1281    18      16      4       2       -0.13692
1282    17      15      14      12      -21.29551
1283    17      15      12      10      -2.55570
1284    17      15      10      8       -0.73728
1285    17      15      8       6       -0.34540
1286    17      15      6       4       -0.21965
1287    17      15      4       2       -0.16435
1288    17      15      2       13      7.76863
1289    17      15      13      11      -5.49587
1290    17      15      11      9       -1.28892
1291    17      15      9       7       -0.42955
1292    17      15      7       5       -0.27948
1293    17      15      5       3       -0.19892
1294    17      15      3       1       -0.14205
1295    16      14      13      11      -16.54460
1296    16      14      11      9       -2.12968
1297    16      14      9       7       -0.56781
1298    16      14      7       5       -0.32903
1299    16      14      5       3       -0.22018
1300    16      14      3       1       -0.15569
1301    16      14      1       12      7.35013
1302    16      14      12      10      -5.35290
1303    16      14      10      8       -1.06937
1304    16      14      8       6       -0.42453
1305    16      14      6       4       -0.24890
1306    16      14      4       2       -0.18058
1307    15      13      12      10      -23.35899
1308    15      13      10      8       -2.16212
1309    15      13      8       6       -0.65979
1310    15      13      6       4       -0.33896
1311    15      13      4       2       -0.23647
1312    15      13      2       11      7.30543
1313    15      13      11      9       -5.44310
1314    15      13      9       7       -0.98519
1315    15      13      7       5       -0.47696
1316    15      13      5       3       -0.29035
1317    15      13      3       1       -0.20254
1318    14      12      11      9       -17.93075
1319    14      12      9       7       -1.72027
1320    14      12      7       5       -0.66667
1321    14      12      5       3       -0.36186
1322    14      12      3       1       -0.24241
1323    14      12      1       10      6.53786
1324    14      12      10      8       -4.69198
1325    14      12      8       6       -1.00600
1326    14      12      6       4       -0.43953
1327    14      12      4       2       -0.28781
1328    13      11      10      8       -19.63602
1329    13      11      8       6       -1.98082
1330    13      11      6       4       -0.64478
1331    13      11      4       2       -0.37319
1332    13      11      2       9       6.12147
1333    13      11      9       7       -4.34191
1334    13      11      7       5       -1.12026
1335    13      11      5       3       -0.49374
1336    13      11      3       1       -0.30309
1337    12      10      9       7       -16.35309
1338    12      10      7       5       -2.20022
1339    12      10      5       3       -0.72469
1340    12      10      3       1       -0.40738
1341    12      10      1       8       6.62590
1342    12      10      8       6       -4.87638
1343    12      10      6       4       -1.05023
1344    12      10      4       2       -0.51877
1345    11      9       8       6       -21.66721
1346    11      9       6       4       -2.13982
1347    11      9       4       2       -0.79113
1348    11      9       2       7       7.81623
1349    11      9       7       5       -6.25329
1350    11      9       5       3       -1.22722
1351    11      9       3       1       -0.58370
1352    10      8       7       5       -20.93297
1353    10      8       5       3       -2.12322
1354    10      8       3       1       -0.77709
1355    10      8       1       6       6.06547
1356    10      8       6       4       -4.56643
1357    10      8       4       2       -1.17999
1358    9       7       6       4       -13.70934
1359    9       7       4       2       -1.88130
1360    9       7       2       5       4.80795
1361    9       7       5       3       -4.13916
1362    9       7       3       1       -1.08829
1363    8       6       5       3       -18.56649
1364    8       6       3       1       -2.37699
1365    8       6       1       4       6.09743
1366    8       6       4       2       -5.26782
1367    7       5       4       2       -17.44285
1368    7       5       2       3       3.66897
1369    7       5       3       1       -5.22087
1370    6       4       3       1       -20.13447
