338
1       1       4       6       9       -1.81781        -5.43720
2       1       4       12      15      -0.08093        -2.83490
3       1       4       24      27      -0.00964        -2.00624
4       1       4       27      30      -0.00608        -11.22331
5       1       4       33      36      -0.00389        -11.58675
6       1       4       7       10      -0.73891        -3.28558
7       1       4       13      16      -0.05631        -3.41642
8       1       4       26      29      -0.00614        -10.72901
9       1       4       32      35      -0.00403        -10.48187
10      2       5       7       10      -1.78122        -5.29182
11      2       5       13      16      -0.06983        -2.55868
12      2       5       16      19      -0.03303        -2.84944
13      2       5       28      31      -0.00606        -8.30118
14      2       5       34      37      -0.00365        -14.29081
15      2       5       8       11      -0.74810        -4.72484
16      2       5       14      17      -0.05162        -2.98028
17      2       5       9       12      -0.37751        -1.83178
18      2       5       12      15      -0.10375        -4.01248
19      2       5       27      30      -0.00662        -12.48811
20      3       6       8       11      -2.23344        -9.14438
21      3       6       14      17      -0.06808        -1.61371
22      3       6       20      23      -0.02326        -7.92319
23      3       6       23      26      -0.01492        -4.20147
24      3       6       29      32      -0.00631        -8.05403
25      3       6       9       12      -0.81958        -4.15786
26      3       6       27      30      -0.00749        -5.50989
27      3       6       10      13      -0.39821        -2.64591
28      3       6       13      16      -0.09590        -3.75079
29      3       6       28      31      -0.00682        -9.53690
30      4       7       9       12      -2.64453        -8.15580
31      4       7       12      15      -0.23398        -5.66980
32      4       7       21      24      -0.02302        -4.31777
33      4       7       24      27      -0.01326        -13.95644
34      4       7       10      13      -0.88125        -5.34997
35      4       7       13      16      -0.13463        -7.80688
36      4       7       11      14      -0.39061        -3.16928
37      4       7       14      17      -0.09059        -2.34061
38      4       7       17      20      -0.04409        -2.39876
39      4       7       29      32      -0.00696        -11.33961
40      4       7       35      38      -0.00398        -10.97616
41      5       8       10      13      -2.89386        -9.31883
42      5       8       13      16      -0.22656        -7.92319
43      5       8       11      14      -0.93749        -6.61477
44      5       8       14      17      -0.13758        -3.85256
45      5       8       12      15      -0.45906        -4.82660
46      5       8       18      21      -0.04810        -2.23885
47      5       8       21      24      -0.02797        -6.99276
48      5       8       24      27      -0.01580        -6.32401
49      5       8       27      30      -0.00953        -6.23678
50      6       9       11      14      -3.29315        -10.33649
51      6       9       14      17      -0.24516        -6.60023
52      6       9       23      26      -0.02399        -13.79652
53      6       9       29      32      -0.00919        -5.40812
54      6       9       12      15      -1.21580        -8.02495
55      6       9       15      18      -0.13142        -3.96886
56      6       9       18      21      -0.06380        -2.32607
57      6       9       21      24      -0.03495        -3.56180
58      6       9       24      27      -0.01903        -4.84114
59      6       9       27      30      -0.01118        -3.38734
60      6       9       36      39      -0.00452        -15.26486
61      6       9       13      16      -0.47655        -6.84738
62      6       9       19      22      -0.05139        -2.52961
63      6       9       22      25      -0.02847        -4.57946
64      6       9       28      31      -0.01002        -6.39670
65      7       10      12      15      -3.49530        -10.06027
66      7       10      15      18      -0.21333        -7.35621
67      7       10      27      30      -0.01304        -3.93979
68      7       10      33      36      -0.00722        -18.59405
69      7       10      39      42      -0.00348        -14.02913
70      7       10      13      16      -1.09315        -6.87646
71      7       10      16      19      -0.14108        -6.73108
72      7       10      19      22      -0.06673        -2.92213
73      7       10      14      17      -0.47445        -7.22537
74      7       10      20      23      -0.05310        -1.48287
75      7       10      23      26      -0.02921        -2.64591
76      7       10      29      32      -0.01058        -6.89099
77      7       10      32      35      -0.00792        -8.31571
78      7       10      35      38      -0.00581        -4.81206
79      8       11      13      16      -3.45377        -9.75497
80      8       11      16      19      -0.24145        -7.44344
81      8       11      28      31      -0.01421        -7.21083
82      8       11      34      37      -0.00786        -23.21712
83      8       11      14      17      -1.20686        -7.57428
84      8       11      20      23      -0.07340        -1.77363
85      8       11      23      26      -0.03805        -7.21083
86      8       11      15      18      -0.42448        -5.68434
87      8       11      21      24      -0.05857        -2.93667
88      8       11      24      27      -0.02926        -5.11736
89      8       11      27      30      -0.01612        -2.52961
90      9       12      14      17      -3.09008        -8.69370
91      9       12      17      20      -0.25925        -5.36451
92      9       12      20      23      -0.09338        -1.99170
93      9       12      23      26      -0.04448        -2.87852
94      9       12      29      32      -0.01423        -5.07375
95      9       12      35      38      -0.00736        -8.06857
96      9       12      15      18      -0.83204        -5.98964
97      9       12      21      24      -0.07213        -2.20977
98      9       12      24      27      -0.03363        -4.11424
99      9       12      27      30      -0.01807        -5.30636
100     9       12      36      39      -0.00661        -17.64908
101     9       12      16      19      -0.39675        -7.57428
102     9       12      22      25      -0.05508        -2.07893
103     9       12      28      31      -0.01586        -4.97198
104     10      13      15      18      -2.27927        -6.81830
105     10      13      18      21      -0.29420        -2.25338
106     10      13      21      24      -0.10054        -3.21289
107     10      13      30      33      -0.01507        -6.48393
108     10      13      33      36      -0.01129        -12.85156
109     10      13      16      19      -0.82417        -5.01560
110     10      13      34      37      -0.00986        -16.13714
111     10      13      40      43      -0.00449        -8.94085
112     10      13      17      20      -0.46837        -6.17863
113     10      13      23      26      -0.05844        -2.38423
114     10      13      35      38      -0.00858        -3.83802
115     11      14      16      19      -1.75874        -4.94291
116     11      14      22      25      -0.09092        -2.29700
117     11      14      28      31      -0.02111        -4.05609
118     11      14      34      37      -0.01040        -11.67398
119     11      14      43      46      -0.00346        -5.88787
120     11      14      17      20      -0.82020        -5.77157
121     11      14      29      32      -0.01879        -5.29182
122     11      14      35      38      -0.00903        -8.31571
123     11      14      18      21      -0.45672        -4.20147
124     11      14      21      24      -0.12875        -2.06439
125     11      14      24      27      -0.04982        -2.20977
126     11      14      27      30      -0.02428        -2.99482
127     11      14      36      39      -0.00786        -8.98446
128     12      15      17      20      -2.02497        -5.05921
129     12      15      20      23      -0.29063        -4.63761
130     12      15      29      32      -0.02237        -2.99482
131     12      15      35      38      -0.01040        -5.93149
132     12      15      44      47      -0.00364        -10.62725
133     12      15      18      21      -0.89948        -4.04155
134     12      15      21      24      -0.18987        -6.83284
135     12      15      27      30      -0.02948        -4.79753
136     12      15      36      39      -0.00905        -4.91383
137     12      15      19      22      -0.47679        -5.98964
138     12      15      22      25      -0.12700        -1.65733
139     12      15      28      31      -0.02519        -5.55350
140     13      16      18      21      -2.08943        -6.52754
141     13      16      27      30      -0.03244        -3.14020
142     13      16      33      36      -0.01432        -8.01042
143     13      16      36      39      -0.00919        -7.50159
144     13      16      39      42      -0.00602        -17.06757
145     13      16      19      22      -0.87652        -6.74561
146     13      16      22      25      -0.17157        -1.49741
147     13      16      28      31      -0.02739        -3.86710
148     13      16      34      37      -0.01251        -11.71760
149     13      16      20      23      -0.47099        -3.80895
150     13      16      23      26      -0.11900        -1.94809
151     13      16      29      32      -0.02392        -3.18381
152     13      16      32      35      -0.01586        -7.42890
153     13      16      35      38      -0.01069        -4.79753
154     14      17      19      22      -2.17095        -7.77781
155     14      17      22      25      -0.26577        -1.99170
156     14      17      28      31      -0.03138        -2.44238
157     14      17      34      37      -0.01393        -6.45485
158     14      17      20      23      -0.94873        -6.04779
159     14      17      23      26      -0.17001        -2.12254
160     14      17      29      32      -0.02686        -1.20665
161     14      17      35      38      -0.01141        -6.13502
162     14      17      44      47      -0.00364        -20.03331
163     14      17      21      24      -0.48701        -5.74249
164     14      17      24      27      -0.10488        -0.24715
165     14      17      36      39      -0.00985        -4.84114
166     15      18      20      23      -2.82606        -7.98134
167     15      18      23      26      -0.30329        -5.20459
168     15      18      21      24      -1.17855        -7.82142
169     15      18      24      27      -0.16666        -5.82972
170     15      18      36      39      -0.01092        -8.15580
171     15      18      22      25      -0.53718        -4.36139
172     15      18      28      31      -0.03815        -2.07893
173     16      19      21      24      -3.52356        -11.65944
174     16      19      24      27      -0.32455        -5.27728
175     16      19      30      33      -0.03543        -2.29700
176     16      19      33      36      -0.02249        -3.47457
177     16      19      36      39      -0.01364        -5.45174
178     16      19      22      25      -1.32006        -6.74561
179     16      19      23      26      -0.65899        -5.91695
180     16      19      32      35      -0.02547        -3.21289
181     16      19      35      38      -0.01602        -4.78299
182     17      20      22      25      -3.62821        -9.40606
183     17      20      25      28      -0.30792        -3.93979
184     17      20      28      31      -0.07599        -2.28246
185     17      20      31      34      -0.03930        -1.62825
186     17      20      34      37      -0.02423        -4.41954
187     17      20      23      26      -1.53617        -8.17033
188     17      20      26      29      -0.15710        -0.68328
189     17      20      29      32      -0.06000        -2.39876
190     17      20      35      38      -0.02014        -4.87022
191     17      20      38      41      -0.01180        -2.38423
192     17      20      24      27      -0.67456        -6.35309
193     17      20      36      39      -0.01697        -2.90759
194     18      21      36      39      -0.02055        -5.77157
195     18      21      39      42      -0.01227        -6.73108
196     18      21      45      48      -0.00586        -7.48705
197     18      21      43      46      -0.00720        -3.99794
198     19      22      24      27      -4.08684        -9.92943
199     19      22      27      30      -0.26941        -1.90447
200     19      22      30      33      -0.08754        -2.51507
201     19      22      33      36      -0.04604        -3.96886
202     19      22      36      39      -0.02520        -5.37905
203     19      22      39      42      -0.01476        -7.86504
204     19      22      25      28      -1.37218        -7.61789
205     19      22      28      31      -0.16862        -2.76221
206     19      22      40      43      -0.01244        -10.07481
207     19      22      43      46      -0.00855        -6.76015
208     19      22      26      29      -0.51380        -3.24197
209     19      22      29      32      -0.11914        -2.36969
210     19      22      32      35      -0.05405        -3.30012
211     19      22      44      47      -0.00725        -10.01665
212     20      23      25      28      -3.36939        -9.53690
213     20      23      28      31      -0.25840        -2.18069
214     20      23      34      37      -0.04466        -2.82036
215     20      23      26      29      -1.02460        -4.57946
216     20      23      29      32      -0.17074        -1.67187
217     20      23      35      38      -0.03619        -5.05921
218     20      23      38      41      -0.01965        -2.77675
219     20      23      27      30      -0.45736        -2.15162
220     20      23      36      39      -0.03002        -3.19835
221     20      23      39      42      -0.01734        -7.82142
222     21      24      26      29      -2.51936        -6.19317
223     21      24      29      32      -0.26360        -2.82036
224     21      24      35      38      -0.04458        -3.08205
225     21      24      38      41      -0.02328        -4.60853
226     21      24      27      30      -0.89197        -3.30012
227     21      24      30      33      -0.17126        -2.87852
228     21      24      36      39      -0.03594        -3.75079
229     21      24      28      31      -0.43756        -3.44550
230     21      24      34      37      -0.05679        -1.93355
231     22      25      27      30      -2.30378        -5.23367
232     22      25      30      33      -0.26372        -3.60541
233     22      25      33      36      -0.09334        -1.27934
234     22      25      28      31      -0.87781        -5.13190
235     22      25      34      37      -0.07073        -2.95121
236     22      25      29      32      -0.45018        -3.98340
237     23      26      28      31      -2.39570        -7.37075
238     23      26      34      37      -0.09435        -1.99170
239     23      26      29      32      -0.95518        -5.01560
240     23      26      35      38      -0.06970        -2.92213
241     23      26      38      41      -0.03244        -2.90759
242     23      26      30      33      -0.47539        -4.31777
243     23      26      33      36      -0.13036        -2.22431
244     23      26      36      39      -0.05389        -3.09659
245     23      26      39      42      -0.02699        -3.59088
246     23      26      42      45      -0.01583        -19.21918
247     24      27      29      32      -2.18287        -6.58570
248     24      27      35      38      -0.08531        -1.78817
249     24      27      38      41      -0.03666        -3.41642
250     24      27      44      47      -0.01298        -12.45903
251     24      27      30      33      -0.88082        -5.36451
252     24      27      36      39      -0.06396        -2.98028
253     24      27      39      42      -0.02991        -4.05609
254     24      27      42      45      -0.01744        -10.03119
255     24      27      31      34      -0.43838        -2.48599
256     24      27      43      46      -0.01488        -19.66986
257     25      28      30      33      -2.27553        -7.83596
258     25      28      33      36      -0.27153        -2.63137
259     25      28      36      39      -0.08217        -4.17239
260     25      28      31      34      -0.88195        -3.46003
261     25      28      34      37      -0.17151        -1.35203
262     25      28      40      43      -0.02832        -4.09970
263     25      28      43      46      -0.01672        -10.48187
264     25      28      32      35      -0.43054        -2.63137
265     25      28      35      38      -0.11429        -1.59918
266     26      29      31      34      -2.33084        -5.75703
267     26      29      34      37      -0.26877        -2.15162
268     26      29      32      35      -0.87105        -4.25962
269     26      29      35      38      -0.16411        -2.83490
270     26      29      44      47      -0.01584        -29.16315
271     26      29      33      36      -0.47690        -3.91071
272     26      29      36      39      -0.11051        -3.48911
273     27      30      32      35      -2.12831        -5.66980
274     27      30      35      38      -0.26511        -3.06751
275     27      30      38      41      -0.07116        -4.68122
276     27      30      44      47      -0.01903        -6.30947
277     27      30      33      36      -0.97856        -4.97198
278     27      30      36      39      -0.16543        -5.04467
279     27      30      34      37      -0.48201        -3.69264
280     28      31      33      36      -2.57219        -6.78923
281     28      31      36      39      -0.28367        -3.47457
282     28      31      34      37      -1.04672        -4.43408
283     28      31      37      40      -0.15910        -2.99482
284     28      31      35      38      -0.50130        -4.28870
285     28      31      38      41      -0.10214        -2.26792
286     29      32      34      37      -2.59952        -5.13190
287     29      32      37      40      -0.26879        -6.17863
288     29      32      43      46      -0.03511        -1.68640
289     29      32      35      38      -1.05113        -5.32089
290     29      32      38      41      -0.15737        -3.12566
291     29      32      36      39      -0.53543        -4.68122
292     29      32      39      42      -0.10445        -0.88682
293     30      33      35      38      -2.26308        -6.68746
294     30      33      38      41      -0.23909        -6.55662
295     30      33      36      39      -1.00771        -5.58258
296     30      33      39      42      -0.14628        -4.14332
297     30      33      37      40      -0.45118        -5.96056
298     30      33      43      46      -0.04272        -2.38423
299     31      34      36      39      -2.58920        -6.86192
300     31      34      39      42      -0.23781        -6.97822
301     31      34      42      45      -0.07285        -2.63137
302     31      34      37      40      -0.95279        -6.87646
303     31      34      40      43      -0.14787        -2.29700
304     31      34      38      41      -0.43641        -5.40812
305     31      34      44      47      -0.04411        -3.21289
306     32      35      37      40      -2.39045        -7.89411
307     32      35      40      43      -0.23228        -3.98340
308     32      35      43      46      -0.07424        -0.72690
309     32      35      38      41      -0.89734        -5.65527
310     32      35      44      47      -0.05668        -2.23885
311     32      35      39      42      -0.41867        -4.66669
312     33      36      38      41      -2.13569        -6.12048
313     33      36      41      44      -0.21539        -3.69264
314     33      36      44      47      -0.07384        -2.36969
315     33      36      39      42      -0.80839        -4.25962
316     33      36      45      48      -0.05625        -1.65733
317     33      36      40      43      -0.38752        -3.95433
318     34      37      39      42      -2.01555        -4.87022
319     34      37      42      45      -0.21468        -1.84632
320     34      37      45      48      -0.07325        -1.84632
321     34      37      40      43      -0.75974        -3.40188
322     34      37      41      44      -0.36045        -4.41954
323     35      38      40      43      -1.81904        -5.75703
324     35      38      41      44      -0.66852        -3.12566
325     35      38      42      45      -0.34555        -4.50677
326     36      39      41      44      -1.42924        -4.07063
327     36      39      44      47      -0.19586        -3.21289
328     36      39      42      45      -0.59175        -2.02078
329     36      39      45      48      -0.12923        -11.09246
330     36      39      43      46      -0.32258        -2.86398
331     37      40      42      45      -1.31666        -4.34685
332     37      40      43      46      -0.57458        -4.43408
333     37      40      44      47      -0.30735        -1.64279
334     38      41      43      46      -1.35599        -3.82348
335     38      41      44      47      -0.57141        -3.70718
336     39      42      44      47      -1.27003        -3.69264
337     39      42      45      48      -0.54255        -1.84632
338     40      43      45      48      -1.20461        -2.82036
