     464   a_wgt =    0.001  b_wgt =    0.020
    1         3    4    1    2   -0.39684060E+01
    2         4    5    1    2   -0.79699123E+00
    3         5    6    1    2   -0.25845698E+00
    4         6    7    1    2   -0.11315361E+00
    5         7    8    1    2   -0.59091058E-01
    6         8    9    1    2   -0.29770540E-01
    7         9   10    1    2   -0.19872395E-01
    8        10   11    1    2   -0.10773724E-01
    9        11   12    1    2   -0.71417368E-02
   10        12   13    1    2   -0.44456953E-02
   11        13   14    1    2   -0.24677222E-02
   12        14   15    1    2   -0.21441656E-02
   13        15   16    1    2   -0.26470984E-02
   14        16   17    1    2   -0.43985257E-02
   15        17   18    1    2    0.10334135E-02
   16        18   19    1    2   -0.69939718E-03
   17        19   20    1    2    0.44970636E-03
   18        20   21    1    2    0.11034030E-02
   19        21   22    1    2    0.16673689E-03
   20        22   23    1    2   -0.74550387E-03
   21        23   24    1    2   -0.78318245E-03
   22        24   25    1    2   -0.12178448E-02
   23        25   26    1    2   -0.10702314E-02
   24        26   27    1    2   -0.52595683E-02
   25        27   28    1    2   -0.66979439E-02
   26        28   29    1    2   -0.83913133E-02
   27        29   30    1    2   -0.76190047E-02
   28        30   31    1    2   -0.50502368E-02
   29        31   32    1    2   -0.12495304E-02
   30         4    5    2    3   -0.50202231E+01
   31         5    6    2    3   -0.11719807E+01
   32         6    7    2    3   -0.45442107E+00
   33         7    8    2    3   -0.20352170E+00
   34         8    9    2    3   -0.10986798E+00
   35         9   10    2    3   -0.65275490E-01
   36        10   11    2    3   -0.34357354E-01
   37        11   12    2    3   -0.20098720E-01
   38        12   13    2    3   -0.11923298E-01
   39        13   14    2    3   -0.11488179E-01
   40        14   15    2    3   -0.89998860E-02
   41        15   16    2    3   -0.83990078E-02
   42        16   17    2    3   -0.17488230E-01
   43        17   18    2    3    0.14784383E-02
   44        18   19    2    3    0.95869368E-03
   45        19   20    2    3    0.20253584E-02
   46        20   21    2    3   -0.18722209E-03
   47        21   22    2    3    0.21531058E-02
   48        22   23    2    3   -0.34555994E-03
   49        23   24    2    3   -0.35037238E-02
   50        24   25    2    3   -0.52346503E-02
   51        25   26    2    3   -0.12029545E-01
   52        26   27    2    3   -0.13465992E-01
   53        27   28    2    3   -0.21261133E-01
   54        28   29    2    3   -0.23914434E-01
   55        29   30    2    3   -0.22444993E-01
   56        30   31    2    3   -0.13921482E-01
   57        31   32    2    3   -0.36610444E-02
   58        32    1    2    3   -0.15389761E+02
   59         5    6    3    4   -0.53620377E+01
   60         6    7    3    4   -0.12513230E+01
   61         7    8    3    4   -0.48572829E+00
   62         8    9    3    4   -0.24718331E+00
   63         9   10    3    4   -0.13389671E+00
   64        10   11    3    4   -0.70546530E-01
   65        11   12    3    4   -0.38425703E-01
   66        12   13    3    4   -0.24688017E-01
   67        13   14    3    4   -0.17167265E-01
   68        14   15    3    4   -0.16355583E-01
   69        15   16    3    4   -0.13744190E-01
   70        16   17    3    4   -0.27259393E-01
   71        17   18    3    4    0.15601921E-02
   72        18   19    3    4    0.40821650E-03
   73        19   20    3    4    0.15800537E-02
   74        20   21    3    4   -0.13969571E-03
   75        21   22    3    4   -0.66374592E-03
   76        22   23    3    4   -0.77986310E-03
   77        23   24    3    4   -0.58721951E-02
   78        24   25    3    4   -0.11139669E-01
   79        25   26    3    4   -0.16381714E-01
   80        26   27    3    4   -0.24573725E-01
   81        27   28    3    4   -0.28707612E-01
   82        28   29    3    4   -0.33543486E-01
   83        29   30    3    4   -0.29062808E-01
   84        30   31    3    4   -0.18928740E-01
   85        31   32    3    4   -0.62188208E-02
   86        32    1    3    4   -0.52811022E+01
   87         6    7    4    5   -0.52534709E+01
   88         7    8    4    5   -0.12796773E+01
   89         8    9    4    5   -0.51175660E+00
   90         9   10    4    5   -0.25855806E+00
   91        10   11    4    5   -0.13063848E+00
   92        11   12    4    5   -0.68113483E-01
   93        12   13    4    5   -0.41464340E-01
   94        13   14    4    5   -0.31422082E-01
   95        14   15    4    5   -0.22934809E-01
   96        15   16    4    5   -0.17385889E-01
   97        16   17    4    5   -0.39745029E-01
   98        17   18    4    5    0.35374509E-02
   99        18   19    4    5    0.17598215E-02
  100        19   20    4    5    0.24628597E-02
  101        20   21    4    5    0.12998271E-02
  102        21   22    4    5   -0.19719359E-03
  103        22   23    4    5   -0.41202195E-02
  104        23   24    4    5   -0.77351034E-02
  105        24   25    4    5   -0.14579120E-01
  106        25   26    4    5   -0.24754085E-01
  107        26   27    4    5   -0.34151226E-01
  108        27   28    4    5   -0.35995975E-01
  109        28   29    4    5   -0.39313052E-01
  110        29   30    4    5   -0.32699220E-01
  111        30   31    4    5   -0.20266602E-01
  112        31   32    4    5   -0.78608477E-02
  113        32    1    4    5   -0.25475633E+01
  114         7    8    5    6   -0.51936769E+01
  115         8    9    5    6   -0.12916528E+01
  116         9   10    5    6   -0.54041511E+00
  117        10   11    5    6   -0.24215387E+00
  118        11   12    5    6   -0.11246396E+00
  119        12   13    5    6   -0.68113208E-01
  120        13   14    5    6   -0.46993122E-01
  121        14   15    5    6   -0.36565881E-01
  122        15   16    5    6   -0.25393227E-01
  123        16   17    5    6   -0.60257465E-01
  124        17   18    5    6    0.48900014E-02
  125        18   19    5    6    0.31745904E-02
  126        19   20    5    6    0.40125696E-03
  127        20   21    5    6   -0.10198830E-02
  128        21   22    5    6   -0.41164765E-02
  129        22   23    5    6   -0.83506238E-02
  130        23   24    5    6   -0.14966477E-01
  131        24   25    5    6   -0.19744417E-01
  132        25   26    5    6   -0.29509695E-01
  133        26   27    5    6   -0.40067747E-01
  134        27   28    5    6   -0.43139961E-01
  135        28   29    5    6   -0.39588116E-01
  136        29   30    5    6   -0.29770857E-01
  137        30   31    5    6   -0.19064261E-01
  138        31   32    5    6   -0.59723291E-02
  139        32    1    5    6   -0.14192982E+01
  140         8    9    6    7   -0.53453093E+01
  141         9   10    6    7   -0.13082184E+01
  142        10   11    6    7   -0.51659626E+00
  143        11   12    6    7   -0.21562102E+00
  144        12   13    6    7   -0.11022476E+00
  145        13   14    6    7   -0.70755087E-01
  146        14   15    6    7   -0.50259192E-01
  147        15   16    6    7   -0.38762122E-01
  148        16   17    6    7   -0.81298292E-01
  149        17   18    6    7    0.60498537E-02
  150        18   19    6    7    0.24682444E-02
  151        19   20    6    7    0.35340810E-04
  152        20   21    6    7   -0.30723808E-02
  153        21   22    6    7   -0.96147479E-02
  154        22   23    6    7   -0.14310653E-01
  155        23   24    6    7   -0.22212876E-01
  156        24   25    6    7   -0.29052289E-01
  157        25   26    6    7   -0.33417549E-01
  158        26   27    6    7   -0.39730150E-01
  159        27   28    6    7   -0.39401896E-01
  160        28   29    6    7   -0.38215064E-01
  161        29   30    6    7   -0.25423035E-01
  162        30   31    6    7   -0.15220594E-01
  163        31   32    6    7   -0.22664662E-02
  164        32    1    6    7   -0.90086550E+00
  165         9   10    7    8   -0.51589565E+01
  166        10   11    7    8   -0.12530379E+01
  167        11   12    7    8   -0.43148801E+00
  168        12   13    7    8   -0.19921094E+00
  169        13   14    7    8   -0.11694693E+00
  170        14   15    7    8   -0.74602865E-01
  171        15   16    7    8   -0.52705780E-01
  172        16   17    7    8   -0.11513312E+00
  173        17   18    7    8    0.43666931E-02
  174        18   19    7    8    0.29807561E-02
  175        19   20    7    8   -0.29725451E-02
  176        20   21    7    8   -0.77533093E-02
  177        21   22    7    8   -0.13843365E-01
  178        22   23    7    8   -0.20605056E-01
  179        23   24    7    8   -0.27239004E-01
  180        24   25    7    8   -0.31423692E-01
  181        25   26    7    8   -0.34197986E-01
  182        26   27    7    8   -0.33405524E-01
  183        27   28    7    8   -0.34398500E-01
  184        28   29    7    8   -0.31064462E-01
  185        29   30    7    8   -0.20023288E-01
  186        30   31    7    8   -0.10603929E-01
  187        31   32    7    8   -0.33930379E-02
  188        32    1    7    8   -0.60351932E+00
  189        10   11    8    9   -0.52107902E+01
  190        11   12    8    9   -0.11503519E+01
  191        12   13    8    9   -0.40786856E+00
  192        13   14    8    9   -0.19539838E+00
  193        14   15    8    9   -0.11965743E+00
  194        15   16    8    9   -0.78178152E-01
  195        16   17    8    9   -0.15836105E+00
  196        17   18    8    9    0.44264728E-02
  197        18   19    8    9    0.81576023E-03
  198        19   20    8    9   -0.51007355E-02
  199        20   21    8    9   -0.92868824E-02
  200        21   22    8    9   -0.20660613E-01
  201        22   23    8    9   -0.27608342E-01
  202        23   24    8    9   -0.32608733E-01
  203        24   25    8    9   -0.35498556E-01
  204        25   26    8    9   -0.30920763E-01
  205        26   27    8    9   -0.30704636E-01
  206        27   28    8    9   -0.27222276E-01
  207        28   29    8    9   -0.23699144E-01
  208        29   30    8    9   -0.15963994E-01
  209        30   31    8    9   -0.78449184E-02
  210        31   32    8    9   -0.16960914E-02
  211        32    1    8    9   -0.41412175E+00
  212        11   12    9   10   -0.51012707E+01
  213        12   13    9   10   -0.10602363E+01
  214        13   14    9   10   -0.39398351E+00
  215        14   15    9   10   -0.20596549E+00
  216        15   16    9   10   -0.11836368E+00
  217        16   17    9   10   -0.21464290E+00
  218        17   18    9   10    0.40788902E-02
  219        18   19    9   10   -0.21293974E-02
  220        19   20    9   10   -0.72974260E-02
  221        20   21    9   10   -0.13886897E-01
  222        21   22    9   10   -0.22997703E-01
  223        22   23    9   10   -0.30272793E-01
  224        23   24    9   10   -0.33633526E-01
  225        24   25    9   10   -0.32320905E-01
  226        25   26    9   10   -0.25017200E-01
  227        26   27    9   10   -0.22927133E-01
  228        27   28    9   10   -0.18871980E-01
  229        28   29    9   10   -0.16172836E-01
  230        29   30    9   10   -0.11035667E-01
  231        30   31    9   10   -0.55387220E-02
  232        31   32    9   10   -0.33543538E-03
  233        32    1    9   10   -0.30743194E+00
  234        12   13   10   11   -0.49625092E+01
  235        13   14   10   11   -0.10999629E+01
  236        14   15   10   11   -0.41927299E+00
  237        15   16   10   11   -0.19440910E+00
  238        16   17   10   11   -0.31528443E+00
  239        17   18   10   11   -0.30116129E-02
  240        18   19   10   11   -0.51840120E-02
  241        19   20   10   11   -0.12380674E-01
  242        20   21   10   11   -0.15423999E-01
  243        21   22   10   11   -0.23196610E-01
  244        22   23   10   11   -0.22928784E-01
  245        23   24   10   11   -0.25004186E-01
  246        24   25   10   11   -0.21576716E-01
  247        25   26   10   11   -0.15446673E-01
  248        26   27   10   11   -0.11929151E-01
  249        27   28   10   11   -0.96510090E-02
  250        28   29   10   11   -0.84532499E-02
  251        29   30   10   11   -0.84596444E-02
  252        30   31   10   11   -0.54146387E-02
  253        31   32   10   11   -0.17001323E-02
  254        32    1   10   11   -0.19322611E+00
  255        13   14   11   12   -0.50969667E+01
  256        14   15   11   12   -0.11787491E+01
  257        15   16   11   12   -0.45072326E+00
  258        16   17   11   12   -0.56600463E+00
  259        17   18   11   12   -0.69989623E-02
  260        18   19   11   12   -0.12146637E-01
  261        19   20   11   12   -0.16031871E-01
  262        20   21   11   12   -0.21813966E-01
  263        21   22   11   12   -0.22109115E-01
  264        22   23   11   12   -0.18953554E-01
  265        23   24   11   12   -0.17338237E-01
  266        24   25   11   12   -0.11521349E-01
  267        25   26   11   12   -0.72837234E-02
  268        26   27   11   12   -0.82353596E-04
  269        27   28   11   12   -0.33335416E-02
  270        28   29   11   12   -0.43600886E-02
  271        29   30   11   12   -0.37277048E-02
  272        30   31   11   12   -0.15808591E-02
  273        31   32   11   12   -0.77533891E-03
  274        32    1   11   12   -0.12232274E+00
  275        14   15   12   13   -0.52999964E+01
  276        15   16   12   13   -0.12902182E+01
  277        16   17   12   13   -0.12047122E+01
  278        17   18   12   13   -0.16029611E-01
  279        18   19   12   13   -0.21073235E-01
  280        19   20   12   13   -0.25335319E-01
  281        20   21   12   13   -0.28001022E-01
  282        21   22   12   13   -0.20743540E-01
  283        22   23   12   13   -0.18154779E-01
  284        23   24   12   13   -0.11991127E-01
  285        24   25   12   13   -0.58245468E-02
  286        25   26   12   13    0.19482711E-02
  287        26   27   12   13    0.37563245E-02
  288        27   28   12   13    0.18237046E-02
  289        28   29   12   13    0.74117223E-03
  290        29   30   12   13   -0.16111374E-02
  291        30   31   12   13   -0.11419751E-02
  292        31   32   12   13   -0.99132839E-03
  293        32    1   12   13   -0.88690698E-01
  294        15   16   13   14   -0.54728241E+01
  295        16   17   13   14   -0.25889208E+01
  296        17   18   13   14   -0.26715044E-01
  297        18   19   13   14   -0.31065617E-01
  298        19   20   13   14   -0.34701966E-01
  299        20   21   13   14   -0.30104149E-01
  300        21   22   13   14   -0.21810338E-01
  301        22   23   13   14   -0.15721932E-01
  302        23   24   13   14   -0.71673589E-02
  303        24   25   13   14   -0.12402128E-02
  304        25   26   13   14    0.52917525E-02
  305        26   27   13   14    0.57176398E-02
  306        27   28   13   14    0.65130647E-02
  307        28   29   13   14    0.24869093E-02
  308        29   30   13   14    0.22845343E-05
  309        30   31   13   14    0.31692157E-02
  310        31   32   13   14   -0.22716122E-03
  311        32    1   13   14   -0.65688036E-01
  312        16   17   14   15   -0.78602943E+01
  313        17   18   14   15   -0.30722285E-01
  314        18   19   14   15   -0.33154689E-01
  315        19   20   14   15   -0.31713478E-01
  316        20   21   14   15   -0.27698828E-01
  317        21   22   14   15   -0.21317448E-01
  318        22   23   14   15   -0.10496398E-01
  319        23   24   14   15   -0.50187716E-02
  320        24   25   14   15    0.12525530E-02
  321        25   26   14   15    0.46757902E-02
  322        26   27   14   15    0.67719859E-02
  323        27   28   14   15    0.43307068E-02
  324        28   29   14   15    0.82657661E-03
  325        29   30   14   15    0.23413112E-02
  326        30   31   14   15    0.73575648E-03
  327        31   32   14   15    0.13467679E-02
  328        32    1   14   15   -0.58788683E-01
  329        17   18   15   16   -0.33263873E-01
  330        18   19   15   16   -0.33441633E-01
  331        19   20   15   16   -0.26269706E-01
  332        20   21   15   16   -0.20160211E-01
  333        21   22   15   16   -0.13396448E-01
  334        22   23   15   16   -0.71878247E-02
  335        23   24   15   16   -0.35879670E-02
  336        24   25   15   16    0.98958507E-03
  337        25   26   15   16    0.54746252E-02
  338        26   27   15   16    0.44036158E-02
  339        27   28   15   16    0.53826217E-02
  340        28   29   15   16    0.44860058E-02
  341        29   30   15   16    0.16690430E-02
  342        30   31   15   16    0.17034350E-02
  343        31   32   15   16    0.15330596E-02
  344        32    1   15   16   -0.51598892E-01
  345        18   19   16   17   -0.79215188E+01
  346        19   20   16   17   -0.25155382E+01
  347        20   21   16   17   -0.12545751E+01
  348        21   22   16   17   -0.72019905E+00
  349        22   23   16   17   -0.44319022E+00
  350        23   24   16   17   -0.28497350E+00
  351        24   25   16   17   -0.17948835E+00
  352        25   26   16   17   -0.11396785E+00
  353        26   27   16   17   -0.80636300E-01
  354        27   28   16   17   -0.65457143E-01
  355        28   29   16   17   -0.55239584E-01
  356        29   30   16   17   -0.37842464E-01
  357        30   31   16   17   -0.18919077E-01
  358        31   32   16   17   -0.59775882E-02
  359        32    1   16   17   -0.49938384E+00
  360        19   20   17   18   -0.48026109E+01
  361        20   21   17   18   -0.13246781E+01
  362        21   22   17   18   -0.53091401E+00
  363        22   23   17   18   -0.26239100E+00
  364        23   24   17   18   -0.14383736E+00
  365        24   25   17   18   -0.90530962E-01
  366        25   26   17   18   -0.58396809E-01
  367        26   27   17   18   -0.40482055E-01
  368        27   28   17   18   -0.30409699E-01
  369        28   29   17   18   -0.19681061E-01
  370        29   30   17   18   -0.12401460E-01
  371        30   31   17   18   -0.59178276E-02
  372        31   32   17   18   -0.25967974E-02
  373        32    1   17   18   -0.47370337E-01
  374        20   21   18   19   -0.53003869E+01
  375        21   22   18   19   -0.13293190E+01
  376        22   23   18   19   -0.51932454E+00
  377        23   24   18   19   -0.25718471E+00
  378        24   25   18   19   -0.14707924E+00
  379        25   26   18   19   -0.90985112E-01
  380        26   27   18   19   -0.60227256E-01
  381        27   28   18   19   -0.43507218E-01
  382        28   29   18   19   -0.27994694E-01
  383        29   30   18   19   -0.16506124E-01
  384        30   31   18   19   -0.75899684E-02
  385        31   32   18   19   -0.25458566E-02
  386        32    1   18   19   -0.64268388E-01
  387        21   22   19   20   -0.53040261E+01
  388        22   23   19   20   -0.13337712E+01
  389        23   24   19   20   -0.51788265E+00
  390        24   25   19   20   -0.25790256E+00
  391        25   26   19   20   -0.14747772E+00
  392        26   27   19   20   -0.92661716E-01
  393        27   28   19   20   -0.62460449E-01
  394        28   29   19   20   -0.41238882E-01
  395        29   30   19   20   -0.25743324E-01
  396        30   31   19   20   -0.11689061E-01
  397        31   32   19   20   -0.44487189E-02
  398        32    1   19   20   -0.81564039E-01
  399        22   23   20   21   -0.52933707E+01
  400        23   24   20   21   -0.13169204E+01
  401        24   25   20   21   -0.50928205E+00
  402        25   26   20   21   -0.26006597E+00
  403        26   27   20   21   -0.15036891E+00
  404        27   28   20   21   -0.96589841E-01
  405        28   29   20   21   -0.59846293E-01
  406        29   30   20   21   -0.35795551E-01
  407        30   31   20   21   -0.17743433E-01
  408        31   32   20   21   -0.50936323E-02
  409        32    1   20   21   -0.10829893E+00
  410        23   24   21   22   -0.52776260E+01
  411        24   25   21   22   -0.13188735E+01
  412        25   26   21   22   -0.50397444E+00
  413        26   27   21   22   -0.26248524E+00
  414        27   28   21   22   -0.16470477E+00
  415        28   29   21   22   -0.94268359E-01
  416        29   30   21   22   -0.55056963E-01
  417        30   31   21   22   -0.28780105E-01
  418        31   32   21   22   -0.80123506E-02
  419        32    1   21   22   -0.14665262E+00
  420        24   25   22   23   -0.51834488E+01
  421        25   26   22   23   -0.13688444E+01
  422        26   27   22   23   -0.51837349E+00
  423        27   28   22   23   -0.28097612E+00
  424        28   29   22   23   -0.15861875E+00
  425        29   30   22   23   -0.88781215E-01
  426        30   31   22   23   -0.41935239E-01
  427        31   32   22   23   -0.12397422E-01
  428        32    1   22   23   -0.19975649E+00
  429        25   26   23   24   -0.52443428E+01
  430        26   27   23   24   -0.13379346E+01
  431        27   28   23   24   -0.56154853E+00
  432        28   29   23   24   -0.27672750E+00
  433        29   30   23   24   -0.14856060E+00
  434        30   31   23   24   -0.66533588E-01
  435        31   32   23   24   -0.20623550E-01
  436        32    1   23   24   -0.29046515E+00
  437        26   27   24   25   -0.53000684E+01
  438        27   28   24   25   -0.13509946E+01
  439        28   29   24   25   -0.57781643E+00
  440        29   30   24   25   -0.28454626E+00
  441        30   31   24   25   -0.12137689E+00
  442        31   32   24   25   -0.35661634E-01
  443        32    1   24   25   -0.42434728E+00
  444        27   28   25   26   -0.53239903E+01
  445        28   29   25   26   -0.14702353E+01
  446        29   30   25   26   -0.59324425E+00
  447        30   31   25   26   -0.24395907E+00
  448        31   32   25   26   -0.67214280E-01
  449        32    1   25   26   -0.67168021E+00
  450        28   29   26   27   -0.55786281E+01
  451        29   30   26   27   -0.14120897E+01
  452        30   31   26   27   -0.49889985E+00
  453        31   32   26   27   -0.13323344E+00
  454        32    1   26   27   -0.98749745E+00
  455        29   30   27   28   -0.53326597E+01
  456        30   31   27   28   -0.12269830E+01
  457        31   32   27   28   -0.28552666E+00
  458        32    1   27   28   -0.15505948E+01
  459        30   31   28   29   -0.50571561E+01
  460        31   32   28   29   -0.78082806E+00
  461        32    1   28   29   -0.25318472E+01
  462        31   32   29   30   -0.38666568E+01
  463        32    1   29   30   -0.50697484E+01
  464        32    1   30   31   -0.15912048E+02
