733
1       48      45      43      40      -4.40623
2       48      45      40      37      -0.51890
3       48      45      37      34      -0.14826
4       48      45      34      31      -0.07521
5       48      45      31      28      -0.04265
6       48      45      28      25      -0.02812
7       48      45      25      22      -0.02421
8       48      45      22      19      -0.01615
9       48      45      19      16      -0.01450
10      48      45      16      13      -0.01070
11      48      45      42      39      -1.78947
12      48      45      39      36      -0.29153
13      48      45      36      33      -0.11345
14      48      45      33      30      -0.06222
15      48      45      30      27      -0.03736
16      48      45      27      24      -0.02684
17      48      45      24      21      -0.02030
18      48      45      21      18      -0.01585
19      48      45      18      15      -0.01265
20      48      45      41      38      -0.89537
21      48      45      38      35      -0.20386
22      48      45      35      32      -0.09212
23      48      45      32      29      -0.05061
24      48      45      29      26      -0.03231
25      48      45      26      23      -0.02598
26      48      45      23      20      -0.01846
27      48      45      20      17      -0.01451
28      48      45      17      14      -0.01184
29      47      44      42      39      -4.89242
30      47      44      39      36      -0.49085
31      47      44      36      33      -0.15701
32      47      44      33      30      -0.08122
33      47      44      30      27      -0.04643
34      47      44      27      24      -0.03073
35      47      44      24      21      -0.02399
36      47      44      21      18      -0.01846
37      47      44      18      15      -0.01459
38      47      44      15      12      -0.01174
39      47      44      41      38      -1.88593
40      47      44      38      35      -0.31317
41      47      44      35      32      -0.12370
42      47      44      32      29      -0.06604
43      47      44      29      26      -0.03946
44      47      44      26      23      -0.02879
45      47      44      23      20      -0.02165
46      47      44      20      17      -0.01700
47      47      44      17      14      -0.01354
48      47      44      40      37      -0.95312
49      47      44      37      34      -0.21480
50      47      44      34      31      -0.09859
51      47      44      31      28      -0.05388
52      47      44      28      25      -0.03492
53      47      44      25      22      -0.02662
54      47      44      22      19      -0.01991
55      47      44      19      16      -0.01577
56      47      44      16      13      -0.01239
57      46      43      41      38      -4.69943
58      46      43      38      35      -0.46984
59      46      43      35      32      -0.15812
60      46      43      32      29      -0.07565
61      46      43      29      26      -0.04763
62      46      43      26      23      -0.03139
63      46      43      23      20      -0.02360
64      46      43      20      17      -0.01829
65      46      43      17      14      -0.01436
66      46      43      14      11      -0.01174
67      46      43      40      37      -1.84831
68      46      43      37      34      -0.30357
69      46      43      34      31      -0.12159
70      46      43      31      28      -0.06198
71      46      43      28      25      -0.04088
72      46      43      25      22      -0.02869
73      46      43      22      19      -0.02161
74      46      43      19      16      -0.01696
75      46      43      16      13      -0.01299
76      46      43      39      36      -0.83631
77      46      43      36      33      -0.21015
78      46      43      33      30      -0.09664
79      46      43      30      27      -0.05508
80      46      43      27      24      -0.03379
81      46      43      24      21      -0.02630
82      46      43      21      18      -0.01997
83      46      43      18      15      -0.01562
84      46      43      15      12      -0.01238
85      45      42      40      37      -4.72554
86      45      42      37      34      -0.45703
87      45      42      34      31      -0.16015
88      45      42      31      28      -0.07521
89      45      42      28      25      -0.05065
90      45      42      25      22      -0.03123
91      45      42      22      19      -0.02446
92      45      42      19      16      -0.01896
93      45      42      16      13      -0.01458
94      45      42      13      10      -0.01202
95      45      42      39      36      -1.65567
96      45      42      36      33      -0.29828
97      45      42      33      30      -0.12365
98      45      42      30      27      -0.06634
99      45      42      27      24      -0.03958
100     45      42      24      21      -0.03017
101     45      42      21      18      -0.02251
102     45      42      18      15      -0.01735
103     45      42      15      12      -0.01387
104     45      42      38      35      -0.79309
105     45      42      35      32      -0.21771
106     45      42      32      29      -0.09462
107     45      42      29      26      -0.05849
108     45      42      26      23      -0.03503
109     45      42      23      20      -0.02695
110     45      42      20      17      -0.02047
111     45      42      17      14      -0.01604
112     45      42      14      11      -0.01300
113     44      41      39      36      -4.03006
114     44      41      36      33      -0.43161
115     44      41      33      30      -0.16005
116     44      41      30      27      -0.07768
117     44      41      27      24      -0.04625
118     44      41      24      21      -0.03369
119     44      41      21      18      -0.02470
120     44      41      18      15      -0.01884
121     44      41      15      12      -0.01480
122     44      41      12      9       -0.01158
123     44      41      38      35      -1.49753
124     44      41      35      32      -0.29802
125     44      41      32      29      -0.11748
126     44      41      29      26      -0.06639
127     44      41      26      23      -0.04170
128     44      41      23      20      -0.02986
129     44      41      20      17      -0.02233
130     44      41      17      14      -0.01731
131     44      41      14      11      -0.01363
132     44      41      37      34      -0.73265
133     44      41      34      31      -0.21214
134     44      41      31      28      -0.09091
135     44      41      28      25      -0.05639
136     44      41      25      22      -0.03726
137     44      41      22      19      -0.02699
138     44      41      19      16      -0.02065
139     44      41      16      13      -0.01566
140     44      41      13      10      -0.01283
141     43      40      38      35      -3.49680
142     43      40      35      32      -0.41928
143     43      40      32      29      -0.15063
144     43      40      29      26      -0.07837
145     43      40      26      23      -0.04808
146     43      40      23      20      -0.03352
147     43      40      20      17      -0.02481
148     43      40      17      14      -0.01894
149     43      40      14      11      -0.01502
150     43      40      11      8       -0.01124
151     43      40      37      34      -1.31732
152     43      40      34      31      -0.28268
153     43      40      31      28      -0.11305
154     43      40      28      25      -0.06569
155     43      40      25      22      -0.04275
156     43      40      22      19      -0.02996
157     43      40      19      16      -0.02273
158     43      40      16      13      -0.01705
159     43      40      13      10      -0.01389
160     43      40      36      33      -0.67088
161     43      40      33      30      -0.20685
162     43      40      30      27      -0.09327
163     43      40      27      24      -0.05380
164     43      40      24      21      -0.03809
165     43      40      21      18      -0.02745
166     43      40      18      15      -0.02066
167     43      40      15      12      -0.01603
168     43      40      12      9       -0.01258
169     42      39      37      34      -3.43075
170     42      39      34      31      -0.42072
171     42      39      31      28      -0.14727
172     42      39      28      25      -0.07967
173     42      39      25      22      -0.05034
174     42      39      22      19      -0.03450
175     42      39      19      16      -0.02568
176     42      39      16      13      -0.01908
177     42      39      13      10      -0.01539
178     42      39      10      7       -0.01138
179     42      39      36      33      -1.29186
180     42      39      33      30      -0.28451
181     42      39      30      27      -0.11930
182     42      39      27      24      -0.06437
183     42      39      24      21      -0.04434
184     42      39      21      18      -0.03129
185     42      39      18      15      -0.02324
186     42      39      15      12      -0.01787
187     42      39      12      9       -0.01381
188     42      39      35      32      -0.69028
189     42      39      32      29      -0.19782
190     42      39      29      26      -0.09758
191     42      39      26      23      -0.05692
192     42      39      23      20      -0.03875
193     42      39      20      17      -0.02797
194     42      39      17      14      -0.02122
195     42      39      14      11      -0.01669
196     42      39      11      8       -0.01237
197     41      38      36      33      -3.16761
198     41      38      33      30      -0.41192
199     41      38      30      27      -0.14511
200     41      38      27      24      -0.07480
201     41      38      24      21      -0.04989
202     41      38      21      18      -0.03437
203     41      38      18      15      -0.02518
204     41      38      15      12      -0.01911
205     41      38      12      9       -0.01461
206     41      38      9       6       -0.01059
207     41      38      35      32      -1.28027
208     41      38      32      29      -0.26534
209     41      38      29      26      -0.11712
210     41      38      26      23      -0.06514
211     41      38      23      20      -0.04320
212     41      38      20      17      -0.03062
213     41      38      17      14      -0.02268
214     41      38      14      11      -0.01766
215     41      38      11      8       -0.01307
216     41      38      34      31      -0.67083
217     41      38      31      28      -0.18494
218     41      38      28      25      -0.09513
219     41      38      25      22      -0.05608
220     41      38      22      19      -0.03827
221     41      38      19      16      -0.02784
222     41      38      16      13      -0.02049
223     41      38      13      10      -0.01633
224     41      38      10      7       -0.01196
225     40      37      35      32      -3.39950
226     40      37      32      29      -0.40745
227     40      37      29      26      -0.15390
228     40      37      26      23      -0.07919
229     40      37      23      20      -0.05078
230     40      37      20      17      -0.03336
231     40      37      17      14      -0.02554
232     40      37      14      11      -0.01913
233     40      37      11      8       -0.01445
234     40      37      8       5       -0.00976
235     40      37      34      31      -1.34662
236     40      37      31      28      -0.26362
237     40      37      28      25      -0.12073
238     40      37      25      22      -0.06841
239     40      37      22      19      -0.04464
240     40      37      19      16      -0.03181
241     40      37      16      13      -0.02298
242     40      37      13      10      -0.01814
243     40      37      10      7       -0.01322
244     40      37      33      30      -0.71180
245     40      37      30      27      -0.19743
246     40      37      27      24      -0.09322
247     40      37      24      21      -0.05933
248     40      37      21      18      -0.03976
249     40      37      18      15      -0.02856
250     40      37      15      12      -0.02136
251     40      37      12      9       -0.01622
252     40      37      9       6       -0.01168
253     39      36      34      31      -3.41672
254     39      36      31      28      -0.41101
255     39      36      28      25      -0.16050
256     39      36      25      22      -0.08486
257     39      36      22      19      -0.05300
258     39      36      19      16      -0.03681
259     39      36      16      13      -0.02620
260     39      36      13      10      -0.02038
261     39      36      10      7       -0.01463
262     39      36      7       4       -0.01058
263     39      36      33      30      -1.44594
264     39      36      30      27      -0.28512
265     39      36      27      24      -0.12023
266     39      36      24      21      -0.07232
267     39      36      21      18      -0.04676
268     39      36      18      15      -0.03285
269     39      36      15      12      -0.02428
270     39      36      12      9       -0.01812
271     39      36      9       6       -0.01296
272     39      36      32      29      -0.71565
273     39      36      29      26      -0.21210
274     39      36      26      23      -0.10061
275     39      36      23      20      -0.06107
276     39      36      20      17      -0.04099
277     39      36      17      14      -0.02940
278     39      36      14      11      -0.02226
279     39      36      11      8       -0.01609
280     39      36      8       5       -0.01167
281     38      35      33      30      -3.62206
282     38      35      30      27      -0.44979
283     38      35      27      24      -0.16208
284     38      35      24      21      -0.09110
285     38      35      21      18      -0.05680
286     38      35      18      15      -0.03912
287     38      35      15      12      -0.02844
288     38      35      12      9       -0.02102
289     38      35      9       6       -0.01491
290     38      35      6       3       -0.01241
291     38      35      32      29      -1.41421
292     38      35      29      26      -0.31323
293     38      35      26      23      -0.13209
294     38      35      23      20      -0.07587
295     38      35      20      17      -0.04945
296     38      35      17      14      -0.03498
297     38      35      14      11      -0.02607
298     38      35      11      8       -0.01875
299     38      35      8       5       -0.01336
300     38      35      31      28      -0.70772
301     38      35      28      25      -0.22349
302     38      35      25      22      -0.11002
303     38      35      22      19      -0.06480
304     38      35      19      16      -0.04402
305     38      35      16      13      -0.03085
306     38      35      13      10      -0.02376
307     38      35      10      7       -0.01686
308     38      35      7       4       -0.01217
309     37      34      32      29      -3.60937
310     37      34      29      26      -0.49349
311     37      34      26      23      -0.17742
312     37      34      23      20      -0.09538
313     37      34      20      17      -0.06007
314     37      34      17      14      -0.04145
315     37      34      14      11      -0.03058
316     37      34      11      8       -0.02170
317     37      34      8       5       -0.01541
318     37      34      5       2       -0.01496
319     37      34      31      28      -1.40027
320     37      34      28      25      -0.32954
321     37      34      25      22      -0.14293
322     37      34      22      19      -0.08034
323     37      34      19      16      -0.05298
324     37      34      16      13      -0.03648
325     37      34      13      10      -0.02774
326     37      34      10      7       -0.01960
327     37      34      7       4       -0.01407
328     37      34      30      27      -0.77525
329     37      34      27      24      -0.22512
330     37      34      24      21      -0.11649
331     37      34      21      18      -0.06943
332     37      34      18      15      -0.04667
333     37      34      15      12      -0.03345
334     37      34      12      9       -0.02453
335     37      34      9       6       -0.01727
336     37      34      6       3       -0.01440
337     36      33      31      28      -3.31374
338     36      33      28      25      -0.50214
339     36      33      25      22      -0.18535
340     36      33      22      19      -0.09740
341     36      33      19      16      -0.06198
342     36      33      16      13      -0.04183
343     36      33      13      10      -0.03147
344     36      33      10      7       -0.02191
345     36      33      7       4       -0.01555
346     36      33      4       1       -0.01549
347     36      33      30      27      -1.47434
348     36      33      27      24      -0.31821
349     36      33      24      21      -0.14749
350     36      33      21      18      -0.08291
351     36      33      18      15      -0.05427
352     36      33      15      12      -0.03829
353     36      33      12      9       -0.02765
354     36      33      9       6       -0.01921
355     36      33      6       3       -0.01571
356     36      33      29      26      -0.82765
357     36      33      26      23      -0.23861
358     36      33      23      20      -0.11767
359     36      33      20      17      -0.07106
360     36      33      17      14      -0.04775
361     36      33      14      11      -0.03468
362     36      33      11      8       -0.02436
363     36      33      8       5       -0.01714
364     36      33      5       2       -0.01666
365     35      32      30      27      -3.78396
366     35      32      27      24      -0.50025
367     35      32      24      21      -0.19785
368     35      32      21      18      -0.10308
369     35      32      18      15      -0.06497
370     35      32      15      12      -0.04475
371     35      32      12      9       -0.03184
372     35      32      9       6       -0.02190
373     35      32      6       3       -0.01792
374     35      32      29      26      -1.70224
375     35      32      26      23      -0.35006
376     35      32      23      20      -0.15310
377     35      32      20      17      -0.08691
378     35      32      17      14      -0.05694
379     35      32      14      11      -0.04047
380     35      32      11      8       -0.02806
381     35      32      8       5       -0.01945
382     35      32      5       2       -0.01888
383     35      32      28      25      -0.88572
384     35      32      25      22      -0.25916
385     35      32      22      19      -0.12350
386     35      32      19      16      -0.07494
387     35      32      16      13      -0.04944
388     35      32      13      10      -0.03652
389     35      32      10      7       -0.02506
390     35      32      7       4       -0.01818
391     34      31      29      26      -4.61101
392     34      31      26      23      -0.55237
393     34      31      23      20      -0.20326
394     34      31      20      17      -0.10640
395     34      31      17      14      -0.06725
396     34      31      14      11      -0.04660
397     34      31      11      8       -0.03177
398     34      31      8       5       -0.02174
399     34      31      5       2       -0.02069
400     34      31      28      25      -1.84201
401     34      31      25      22      -0.37685
402     34      31      22      19      -0.15796
403     34      31      19      16      -0.09014
404     34      31      16      13      -0.05770
405     34      31      13      10      -0.04170
406     34      31      10      7       -0.02823
407     34      31      7       4       -0.01968
408     34      31      4       1       -0.01917
409     34      31      27      24      -0.87130
410     34      31      24      21      -0.27383
411     34      31      21      18      -0.12854
412     34      31      18      15      -0.07722
413     34      31      15      12      -0.05185
414     34      31      12      9       -0.03632
415     34      31      9       6       -0.02456
416     34      31      6       3       -0.01986
417     33      30      28      25      -4.86511
418     33      30      25      22      -0.57906
419     33      30      22      19      -0.20420
420     33      30      19      16      -0.10799
421     33      30      16      13      -0.06668
422     33      30      13      10      -0.04731
423     33      30      10      7       -0.03158
424     33      30      7       4       -0.02179
425     33      30      4       1       -0.02151
426     33      30      27      24      -1.71779
427     33      30      24      21      -0.39271
428     33      30      21      18      -0.16112
429     33      30      18      15      -0.09127
430     33      30      15      12      -0.05950
431     33      30      12      9       -0.04092
432     33      30      9       6       -0.02742
433     33      30      6       3       -0.02222
434     33      30      26      23      -0.93668
435     33      30      23      20      -0.27536
436     33      30      20      17      -0.12995
437     33      30      17      14      -0.07826
438     33      30      14      11      -0.05311
439     33      30      11      8       -0.03564
440     33      30      8       5       -0.02414
441     33      30      5       2       -0.02311
442     32      29      27      24      -4.00696
443     32      29      24      21      -0.57837
444     32      29      21      18      -0.19984
445     32      29      18      15      -0.10511
446     32      29      15      12      -0.06608
447     32      29      12      9       -0.04454
448     32      29      9       6       -0.02933
449     32      29      6       3       -0.02339
450     32      29      26      23      -1.74109
451     32      29      23      20      -0.37671
452     32      29      20      17      -0.15612
453     32      29      17      14      -0.08924
454     32      29      14      11      -0.05853
455     32      29      11      8       -0.03862
456     32      29      8       5       -0.02569
457     32      29      5       2       -0.02441
458     32      29      25      22      -0.93626
459     32      29      22      19      -0.26437
460     32      29      19      16      -0.12666
461     32      29      16      13      -0.07480
462     32      29      13      10      -0.05176
463     32      29      10      7       -0.03396
464     32      29      7       4       -0.02319
465     31      28      26      23      -4.31246
466     31      28      23      20      -0.57855
467     31      28      20      17      -0.20032
468     31      28      17      14      -0.10586
469     31      28      14      11      -0.06702
470     31      28      11      8       -0.04313
471     31      28      8       5       -0.02828
472     31      28      5       2       -0.02651
473     31      28      25      22      -1.82741
474     31      28      22      19      -0.37548
475     31      28      19      16      -0.15721
476     31      28      16      13      -0.08750
477     31      28      13      10      -0.05881
478     31      28      10      7       -0.03774
479     31      28      7       4       -0.02525
480     31      28      4       1       -0.02556
481     31      28      24      21      -0.98671
482     31      28      21      18      -0.26813
483     31      28      18      15      -0.12733
484     31      28      15      12      -0.07638
485     31      28      12      9       -0.05023
486     31      28      9       6       -0.03245
487     31      28      6       3       -0.02537
488     30      27      25      22      -4.82129
489     30      27      22      19      -0.61200
490     30      27      19      16      -0.21343
491     30      27      16      13      -0.11007
492     30      27      13      10      -0.07108
493     30      27      10      7       -0.04457
494     30      27      7       4       -0.02926
495     30      27      4       1       -0.02874
496     30      27      24      21      -2.09034
497     30      27      21      18      -0.40414
498     30      27      18      15      -0.16742
499     30      27      15      12      -0.09450
500     30      27      12      9       -0.06020
501     30      27      9       6       -0.03804
502     30      27      6       3       -0.02924
503     30      27      23      20      -1.05191
504     30      27      20      17      -0.28517
505     30      27      17      14      -0.13572
506     30      27      14      11      -0.08183
507     30      27      11      8       -0.05131
508     30      27      8       5       -0.03301
509     30      27      5       2       -0.03011
510     29      26      24      21      -5.10422
511     29      26      21      18      -0.61353
512     29      26      18      15      -0.21571
513     29      26      15      12      -0.11370
514     29      26      12      9       -0.07012
515     29      26      9       6       -0.04336
516     29      26      6       3       -0.03269
517     29      26      23      20      -2.03226
518     29      26      20      17      -0.40277
519     29      26      17      14      -0.17015
520     29      26      14      11      -0.09717
521     29      26      11      8       -0.05931
522     29      26      8       5       -0.03738
523     29      26      5       2       -0.03350
524     29      26      22      19      -1.02280
525     29      26      19      16      -0.28600
526     29      26      16      13      -0.13464
527     29      26      13      10      -0.08353
528     29      26      10      7       -0.05117
529     29      26      7       4       -0.03304
530     28      25      23      20      -5.21506
531     28      25      20      17      -0.61033
532     28      25      17      14      -0.21850
533     28      25      14      11      -0.11633
534     28      25      11      8       -0.06855
535     28      25      8       5       -0.04232
536     28      25      5       2       -0.03722
537     28      25      22      19      -1.99798
538     28      25      19      16      -0.40222
539     28      25      16      13      -0.16772
540     28      25      13      10      -0.09864
541     28      25      10      7       -0.05869
542     28      25      7       4       -0.03694
543     28      25      4       1       -0.03423
544     28      25      21      18      -1.02977
545     28      25      18      15      -0.28818
546     28      25      15      12      -0.13836
547     28      25      12      9       -0.08190
548     28      25      9       6       -0.04937
549     28      25      6       3       -0.03627
550     27      24      22      19      -5.10762
551     27      24      19      16      -0.60186
552     27      24      16      13      -0.21265
553     27      24      13      10      -0.11628
554     27      24      10      7       -0.06681
555     27      24      7       4       -0.03984
556     27      24      4       1       -0.03880
557     27      24      21      18      -2.00766
558     27      24      18      15      -0.40134
559     27      24      15      12      -0.17010
560     27      24      12      9       -0.09516
561     27      24      9       6       -0.05558
562     27      24      6       3       -0.03980
563     27      24      20      17      -1.01364
564     27      24      17      14      -0.28893
565     27      24      14      11      -0.13960
566     27      24      11      8       -0.07887
567     27      24      8       5       -0.04687
568     27      24      5       2       -0.04113
569     26      23      21      18      -5.89306
570     26      23      18      15      -0.64401
571     26      23      15      12      -0.23046
572     26      23      12      9       -0.12062
573     26      23      9       6       -0.06779
574     26      23      6       3       -0.04677
575     26      23      20      17      -2.15207
576     26      23      17      14      -0.43109
577     26      23      14      11      -0.18392
578     26      23      11      8       -0.09832
579     26      23      8       5       -0.05704
580     26      23      5       2       -0.04817
581     26      23      19      16      -1.07259
582     26      23      16      13      -0.30011
583     26      23      13      10      -0.15007
584     26      23      10      7       -0.08210
585     26      23      7       4       -0.04790
586     25      22      20      17      -5.58397
587     25      22      17      14      -0.67211
588     25      22      14      11      -0.24587
589     25      22      11      8       -0.12347
590     25      22      8       5       -0.06907
591     25      22      5       2       -0.05633
592     25      22      19      16      -2.12568
593     25      22      16      13      -0.43653
594     25      22      13      10      -0.19566
595     25      22      10      7       -0.10149
596     25      22      7       4       -0.05845
597     25      22      4       1       -0.05211
598     25      22      18      15      -1.10393
599     25      22      15      12      -0.31912
600     25      22      12      9       -0.15393
601     25      22      9       6       -0.08286
602     25      22      6       3       -0.05554
603     24      21      19      16      -5.37327
604     24      21      16      13      -0.66114
605     24      21      13      10      -0.25734
606     24      21      10      7       -0.12583
607     24      21      7       4       -0.07155
608     24      21      4       1       -0.05902
609     24      21      18      15      -2.14340
610     24      21      15      12      -0.45249
611     24      21      12      9       -0.19761
612     24      21      9       6       -0.10153
613     24      21      6       3       -0.06655
614     24      21      17      14      -1.12593
615     24      21      14      11      -0.33360
616     24      21      11      8       -0.15544
617     24      21      8       5       -0.08393
618     24      21      5       2       -0.06504
619     23      20      18      15      -5.53123
620     23      20      15      12      -0.68067
621     23      20      12      9       -0.25819
622     23      20      9       6       -0.12499
623     23      20      6       3       -0.08027
624     23      20      17      14      -2.21575
625     23      20      14      11      -0.46995
626     23      20      11      8       -0.19831
627     23      20      8       5       -0.10160
628     23      20      5       2       -0.07627
629     23      20      16      13      -1.10287
630     23      20      13      10      -0.34653
631     23      20      10      7       -0.15810
632     23      20      7       4       -0.08561
633     22      19      17      14      -5.78790
634     22      19      14      11      -0.71251
635     22      19      11      8       -0.26200
636     22      19      8       5       -0.12629
637     22      19      5       2       -0.09365
638     22      19      16      13      -2.17659
639     22      19      13      10      -0.49331
640     22      19      10      7       -0.20436
641     22      19      7       4       -0.10366
642     22      19      4       1       -0.08288
643     22      19      15      12      -1.14099
644     22      19      12      9       -0.35222
645     22      19      9       6       -0.15807
646     22      19      6       3       -0.09711
647     21      18      16      13      -5.15588
648     21      18      13      10      -0.73004
649     21      18      10      7       -0.26365
650     21      18      7       4       -0.12638
651     21      18      4       1       -0.09953
652     21      18      15      12      -2.12191
653     21      18      12      9       -0.49011
654     21      18      9       6       -0.20015
655     21      18      6       3       -0.11670
656     21      18      14      11      -1.14925
657     21      18      11      8       -0.35002
658     21      18      8       5       -0.15672
659     21      18      5       2       -0.11312
660     20      17      15      12      -4.73696
661     20      17      12      9       -0.70975
662     20      17      9       6       -0.25565
663     20      17      6       3       -0.13953
664     20      17      14      11      -2.05967
665     20      17      11      8       -0.47910
666     20      17      8       5       -0.19600
667     20      17      5       2       -0.13612
668     20      17      13      10      -1.15346
669     20      17      10      7       -0.34521
670     20      17      7       4       -0.15443
671     19      16      14      11      -4.63229
672     19      16      11      8       -0.70651
673     19      16      8       5       -0.25486
674     19      16      5       2       -0.16471
675     19      16      13      10      -2.11158
676     19      16      10      7       -0.47923
677     19      16      7       4       -0.19538
678     19      16      4       1       -0.14202
679     19      16      12      9       -1.14240
680     19      16      9       6       -0.34186
681     19      16      6       3       -0.17318
682     18      15      13      10      -4.46501
683     18      15      10      7       -0.68137
684     18      15      7       4       -0.24634
685     18      15      4       1       -0.16932
686     18      15      12      9       -1.98372
687     18      15      9       6       -0.46102
688     18      15      6       3       -0.21313
689     18      15      11      8       -1.08819
690     18      15      8       5       -0.33125
691     18      15      5       2       -0.19851
692     17      14      12      9       -4.25960
693     17      14      9       6       -0.66161
694     17      14      6       3       -0.27140
695     17      14      11      8       -1.90670
696     17      14      8       5       -0.45066
697     17      14      5       2       -0.24722
698     17      14      10      7       -1.05533
699     17      14      7       4       -0.32229
700     16      13      11      8       -4.10819
701     16      13      8       5       -0.64478
702     16      13      5       2       -0.31353
703     16      13      10      7       -1.83911
704     16      13      7       4       -0.43561
705     16      13      4       1       -0.25859
706     16      13      9       6       -1.02454
707     16      13      6       3       -0.35317
708     15      12      10      7       -3.92216
709     15      12      7       4       -0.63115
710     15      12      4       1       -0.33858
711     15      12      9       6       -1.80433
712     15      12      6       3       -0.48728
713     15      12      8       5       -1.01339
714     15      12      5       2       -0.41900
715     14      11      9       6       -3.73416
716     14      11      6       3       -0.68684
717     14      11      8       5       -1.72791
718     14      11      5       2       -0.56676
719     14      11      7       4       -0.95232
720     13      10      8       5       -3.49098
721     13      10      5       2       -0.78073
722     13      10      7       4       -1.55478
723     13      10      4       1       -0.59083
724     13      10      6       3       -1.00479
725     12      9       7       4       -2.92781
726     12      9       4       1       -0.80221
727     12      9       6       3       -1.55954
728     12      9       5       2       -1.11271
729     11      8       6       3       -2.82563
730     11      8       5       2       -1.71554
731     10      7       5       2       -3.14251
732     10      7       4       1       -1.83910
733     9       6       4       1       -3.21452
